1 100 0 0
2 100 0 0
3 71 2 0.5632401108591583
4 67 2 0.43249820253304627
5 61 2 0.3834771021810793
6 63 2 0.3505519423886777
7 69 2 0.32593388232486037
8 79 2 0.32475212307145124
9 81 2 0.3168687764961062
10 86 2 0.32020889163746336
11 89 1 0.30839002267573706
12 88 1 0.3083900226757372
13 92 1 0.30839002267573706
14 96 1 0.30839002267573706
15 97 1 0.30839002267573706
16 97 1 0.30839002267573706
17 96 1 0.30839002267573706
18 98 1 0.30839002267573706
19 100 0 0
20 98 1 0.30839002267573706
21 99 1 0.30839002267573706
22 99 1 0.30839002267573706
23 100 0 0
24 100 0 0
25 99 1 0.30839002267573706
26 100 0 0
27 100 0 0
28 100 0 0
29 100 0 0
30 99 1 0.30839002267573706
31 100 0 0
32 100 0 0
33 100 0 0
34 100 0 0
35 100 0 0
36 100 0 0
37 100 0 0
38 100 0 0
39 100 0 0
40 100 0 0
41 100 0 0
42 100 0 0
43 100 0 0
44 100 0 0
45 100 0 0
46 100 0 0
47 100 0 0
48 100 0 0
49 100 0 0
50 100 0 0
51 100 0 0
52 100 0 0
53 100 0 0
54 100 0 0
55 100 0 0
56 100 0 0
57 100 0 0
58 100 0 0
59 100 0 0
60 100 0 0
61 100 0 0
62 100 0 0
63 100 0 0
64 100 0 0
65 100 0 0
66 100 0 0
67 100 0 0
68 100 0 0
69 100 0 0
70 100 0 0
71 100 0 0
72 100 0 0
73 100 0 0
74 100 0 0
75 100 0 0
76 100 0 0
77 100 0 0
78 100 0 0
79 100 0 0
