1 100 0 0
2 100 0 0
3 48 12 1.542969799785004
4 22 11 1.147308256011437
5 14 11 0.9505333457240669
6 6 10 0.7733587973948889
7 6 10 0.722439285459979
8 4 8 0.6281913464122544
9 3 8 0.5903127436195279
10 0 6 0.5453897235394581
11 1 5 0.5553319655744258
12 3 6 0.4918854568997496
13 3 5 0.4585388714044261
14 1 6 0.4413401560461631
15 0 5 0.4058915830812048
16 2 3 0.3846379212356985
17 0 6 0.38181643531934795
18 1 4 0.3418982133922389
19 1 3 0.3312330606351742
20 4 3 0.30484034516789815
21 4 4 0.30255979575382985
22 5 4 0.2730585454065111
23 8 3 0.26734465834028787
24 4 2 0.2406870837558351
25 6 2 0.23203416867264215
26 10 2 0.23398088071562953
27 15 3 0.22827856175809916
28 12 2 0.20576091471012187
29 16 3 0.21037715590679565
30 22 3 0.19991041834632275
31 23 3 0.198167750323268
32 25 2 0.18342777730671567
33 34 2 0.1761077585855873
34 33 1 0.17258607124008007
35 39 2 0.16067412551804158
36 35 2 0.16987335808441262
37 37 1 0.1542698781404221
38 41 2 0.15410498724381816
39 40 2 0.15677273618687243
40 50 2 0.15918370885384636
41 52 2 0.14799192854117066
42 53 1 0.14829209131815987
43 61 1 0.14524545373107614
44 63 2 0.1438464787027004
45 56 1 0.13601946798359946
46 61 2 0.13802293290334167
47 66 1 0.1354218656019249
48 66 1 0.13465071059329423
49 69 1 0.13225080977100112
50 68 1 0.12851384036549326
51 74 1 0.1380410625237285
52 74 1 0.13121472722386454
53 73 1 0.13239901005587493
54 75 1 0.1311827862243976
55 83 1 0.12254770223058324
56 84 1 0.12532001867070264
57 76 1 0.134965572843785
58 82 1 0.13019200334438177
59 87 1 0.12583982800322507
60 87 1 0.12594602560879417
61 86 1 0.12874464486143838
62 84 1 0.12254770223058326
63 86 1 0.12856758935769966
64 83 1 0.12254770223058324
65 90 1 0.12676162321956475
66 91 1 0.1375974200483742
67 95 1 0.12254770223058321
68 92 1 0.12254770223058324
69 92 1 0.1270267849144496
70 93 1 0.12254770223058321
71 90 1 0.12676162321956475
72 95 1 0.13212479538735925
73 95 1 0.12254770223058321
74 95 1 0.12254770223058321
75 94 1 0.13759742004837414
76 94 1 0.12254770223058321
77 93 1 0.12254770223058321
78 96 1 0.12254770223058323
79 95 1 0.12254770223058321
80 96 1 0.12254770223058323
81 97 1 0.12254770223058321
82 96 1 0.12254770223058323
83 97 1 0.12254770223058321
84 98 1 0.12254770223058323
85 99 1 0.12254770223058323
86 99 1 0.12254770223058323
87 96 1 0.12254770223058321
88 97 1 0.12254770223058321
89 98 1 0.12254770223058323
90 98 1 0.12254770223058324
91 98 1 0.12254770223058324
92 99 1 0.12254770223058323
93 98 1 0.12254770223058323
94 99 1 0.12254770223058323
95 99 1 0.12254770223058323
96 99 1 0.12254770223058323
97 100 0 0
98 100 0 0
99 100 0 0
100 100 0 0
