1 100 0 0
2 100 0 0
3 63 7 0.976433441632728
4 37 7 0.7585914977348653
5 23 6 0.6316738548483048
6 14 7 0.5843380728551366
7 13 4 0.4814283795305082
8 11 5 0.45564362697021854
9 10 5 0.4029241853394147
10 14 3 0.3603890264654205
11 11 4 0.3475248002315228
12 16 3 0.32501258408456474
13 16 3 0.29653686430667536
14 19 2 0.28130614032751167
15 16 3 0.27903759723791655
16 26 3 0.26459153978487715
17 31 3 0.23940622276330564
18 37 2 0.22494241827971778
19 38 2 0.2164303122181501
20 46 1 0.20271884019653255
21 48 2 0.21637176099497843
22 52 2 0.21513804808062453
23 54 2 0.2131264049528044
24 64 1 0.18636093234546533
25 61 1 0.1984433868728933
26 66 1 0.1900475190470388
27 70 1 0.1833220604173966
28 80 2 0.19337372069589281
29 77 1 0.19291238208549322
30 80 1 0.1823676383105294
31 80 1 0.19064842355740627
32 78 1 0.18129370433142888
33 82 1 0.1847926018062841
34 86 1 0.18308829778193253
35 89 1 0.18139385896673232
36 90 1 0.17608566329565745
37 85 1 0.1799193601692114
38 93 1 0.20855933093046866
39 93 1 0.17608566329565742
40 93 1 0.17608566329565742
41 93 1 0.17608566329565742
42 94 1 0.1760856632956574
43 94 1 0.1760856632956574
44 96 1 0.1760856632956574
45 97 1 0.1760856632956574
46 96 1 0.1760856632956574
47 96 1 0.1760856632956574
48 97 1 0.17608566329565736
49 98 1 0.17608566329565742
50 97 1 0.17608566329565736
51 96 1 0.1760856632956574
52 97 1 0.17608566329565742
53 98 1 0.1760856632956574
54 99 1 0.1760856632956574
55 99 1 0.1760856632956574
56 99 1 0.1760856632956574
57 98 1 0.17608566329565742
58 100 0 0
59 98 1 0.1760856632956574
60 99 1 0.1760856632956574
61 100 0 0
62 98 1 0.17608566329565742
63 100 0 0
64 99 1 0.1760856632956574
65 99 1 0.1760856632956574
66 100 0 0
67 100 0 0
68 100 0 0
69 100 0 0
70 100 0 0
71 100 0 0
72 100 0 0
73 100 0 0
74 100 0 0
75 100 0 0
76 100 0 0
77 100 0 0
78 100 0 0
79 100 0 0
