0	8	0.000003
47	8	0.000013
94	8	0.000023
141	8	0.000030
188	8	0.000045
235	8	0.000050
282	8	0.000060
329	8	0.000074
376	8	0.000083
423	8	0.000093
470	8	0.000100
517	8	0.000110
564	8	0.000123
611	8	0.000153
658	8	0.000139
705	8	0.000153
752	8	0.000159
799	8	0.000170
846	8	0.000184
893	8	0.000201
940	8	0.000203
987	8	0.000209
1034	8	0.000219
1081	8	0.000234
1128	8	0.000240
1175	8	0.000250
1222	8	0.000269
1269	8	0.000272
1316	8	0.000282
1363	8	0.000296
1410	8	0.000303
1457	8	0.000326
1504	8	0.000127
1551	8	0.000071
1598	8	0.000075
1645	8	0.000077
1692	8	0.000094
1739	8	0.000095
1786	8	0.000083
1833	8	0.000087
1880	8	0.000088
1927	8	0.000090
1974	8	0.000093
2021	8	0.000095
2068	8	0.000097
2115	8	0.000100
2162	8	0.000101
2209	8	0.000104
2256	8	0.000107
2303	8	0.000108
2350	8	0.000128
2397	8	0.000115
2444	8	0.000237
2491	8	0.000166
2538	8	0.000135
2585	8	0.000127
2632	8	0.000131
2679	8	0.000131
2726	8	0.000133
2773	8	0.000134
2820	8	0.000165
2867	8	0.000170
2914	8	0.000142
2961	8	0.000144
3008	8	0.000148
3055	8	0.000148
3102	8	0.000150
3149	8	0.000153
3196	8	0.000174
3243	8	0.000158
3290	8	0.000160
3337	8	0.000162
3384	8	0.000165
3431	8	0.000167
3478	8	0.000169
3525	8	0.000172
3572	8	0.000174
3619	8	0.000177
3666	8	0.000180
3713	8	0.000181
3760	8	0.000184
3807	8	0.000186
3854	8	0.000189
3901	8	0.000192
3948	8	0.000193
3995	8	0.000197
4042	8	0.000199
4089	8	0.000199
4136	8	0.000203
4183	8	0.000205
4230	8	0.000207
4277	8	0.000210
4324	8	0.000212
4371	8	0.000214
4418	8	0.000217
4465	8	0.000219
4512	8	0.000221
4559	8	0.000224
4606	8	0.000238
4653	8	0.000229
4700	8	0.000231
4747	8	0.000234
4794	8	0.000238
4841	8	0.000238
4888	8	0.000245
4935	8	0.000244
4982	8	0.000245
5029	8	0.000248
5076	8	0.000251
5123	8	0.000253
5170	8	0.000256
5217	8	0.000257
5264	8	0.000260
5311	8	0.000264
5358	8	0.000265
5405	8	0.000267
5452	8	0.000270
5499	8	0.000272
5546	8	0.000276
5593	8	0.000279
5640	8	0.000279
5687	8	0.000283
5734	8	0.000284
5781	8	0.000286
5828	8	0.000290
5875	8	0.000291
5922	8	0.000293
5969	8	0.000297
6016	8	0.000298
6063	8	0.000307
6110	8	0.000375
6157	8	0.000305
6204	8	0.000318
6251	8	0.000310
6298	8	0.000313
6345	8	0.000317
6392	8	0.000329
6439	8	0.000321
6486	8	0.000322
6533	8	0.000325
6580	8	0.000330
6627	8	0.000329
6674	8	0.000332
6721	8	0.000336
6768	8	0.000339
6815	8	0.000339
6862	8	0.000343
6909	8	0.000373
6956	8	0.000340
7003	8	0.000341
7050	8	0.000343
7097	8	0.000347
7144	8	0.000348
7191	8	0.000350
7238	8	0.000354
7285	8	0.000356
7332	8	0.000357
7379	8	0.000360
7426	8	0.000362
7473	8	0.000366
7520	8	0.000367
7567	8	0.000369
7614	8	0.000372
7661	8	0.000374
7708	8	0.000376
7755	8	0.000379
7802	8	0.000382
7849	8	0.000384
7896	8	0.000389
7943	8	0.000388
7990	8	0.000392
8037	8	0.000393
8084	8	0.000395
8131	8	0.000398
8178	8	0.000399
8225	8	0.000442
8272	8	0.000439
8319	8	0.000407
8366	8	0.000411
8413	8	0.000412
8460	8	0.000414
8507	8	0.000417
8554	8	0.000418
8601	8	0.000420
8648	8	0.000424
8695	8	0.000431
8742	8	0.000430
8789	8	0.000430
8836	8	0.000433
8883	8	0.000436
8930	8	0.000437
8977	8	0.000439
9024	8	0.000443
9071	8	0.000444
9118	8	0.000447
9165	8	0.000457
9212	8	0.000505
9259	8	0.000455
9306	8	0.000456
9353	8	0.000458
9400	8	0.000462
9447	8	0.000464
9494	8	0.000466
9541	8	0.000471
9588	8	0.000470
9635	8	0.000501
9682	8	0.000476
9729	8	0.000477
9776	8	0.000480
9823	8	0.000509
9870	8	0.000483
9917	8	0.000486
9964	8	0.000506
10011	8	0.000515
10058	8	0.000496
10105	8	0.000523
10152	8	0.000514
10199	8	0.000516
10246	8	0.000516
10293	8	0.000509
10340	8	0.000508
10387	8	0.000510
10434	8	0.000513
10481	8	0.000515
10528	8	0.000517
10575	8	0.000521
10622	8	0.000550
10669	8	0.000526
10716	8	0.000527
10763	8	0.000529
10810	8	0.000532
10857	8	0.000533
10904	8	0.000536
10951	8	0.000539
10998	8	0.000540
11045	8	0.000545
11092	8	0.000547
11139	8	0.000547
11186	8	0.000551
11233	8	0.000552
11280	8	0.000555
11327	8	0.000558
11374	8	0.000561
11421	8	0.000602
11468	8	0.000566
11515	8	0.000567
11562	8	0.000570
11609	8	0.000571
11656	8	0.000573
11703	8	0.000579
11750	8	0.000578
11797	8	0.000581
11844	8	0.000585
11891	8	0.000585
11938	8	0.000587
11985	8	0.000591
12032	8	0.000594
12079	8	0.000596
12126	8	0.000597
12173	8	0.000599
12220	8	0.000603
12267	8	0.000604
12314	8	0.000608
12361	8	0.000610
12408	8	0.000662
12455	8	0.000615
12502	8	0.000616
12549	8	0.000619
12596	8	0.000622
12643	8	0.000625
12690	8	0.000625
12737	8	0.000671
12784	8	0.000630
12831	8	0.000633
12878	8	0.000637
12925	8	0.000673
12972	8	0.000640
13019	8	0.000642
13066	8	0.000644
13113	8	0.000648
13160	8	0.000649
13207	8	0.000653
13254	8	0.000655
13301	8	0.000656
13348	8	0.000659
13395	8	0.000662
13442	8	0.000663
13489	8	0.000668
13536	8	0.000668
13583	8	0.000670
13630	8	0.000674
13677	8	0.000675
13724	8	0.000677
13771	8	0.000682
13818	8	0.000710
13865	8	0.000701
13912	8	0.000712
13959	8	0.000689
14006	8	0.000693
14053	8	0.000696
14100	8	0.000696
14147	8	0.000700
14194	8	0.000701
14241	8	0.000703
14288	8	0.000708
14335	8	0.000708
14382	8	0.000711
14429	8	0.000713
14476	8	0.000715
14523	8	0.000719
14570	8	0.000722
14617	8	0.000722
14664	8	0.000726
14711	8	0.000738
14758	8	0.000731
14805	8	0.000732
14852	8	0.000736
14899	8	0.000737
14946	8	0.000739
14993	8	0.000780
15040	8	0.000745
15087	8	0.000749
15134	8	0.000748
15181	8	0.000751
15228	8	0.000841
15275	8	0.000756
15322	8	0.000759
15369	8	0.000760
15416	8	0.000763
15463	8	0.000765
15510	8	0.000767
15557	8	0.000771
15604	8	0.000772
15651	8	0.000774
15698	8	0.000778
15745	8	0.000778
15792	8	0.000783
15839	8	0.000783
15886	8	0.000785
15933	8	0.000789
15980	8	0.000790
16027	8	0.000809
16074	8	0.000821
16121	8	0.000798
16168	8	0.000802
16215	8	0.000802
16262	8	0.000806
16309	8	0.000808
16356	8	0.000809
16403	8	0.000812
16450	8	0.000815
16497	8	0.000818
16544	8	0.000819
16591	8	0.000823
16638	8	0.000867
16685	8	0.000827
16732	8	0.000830
16779	8	0.000831
16826	8	0.000835
16873	8	0.000836
16920	8	0.000866
16967	8	0.000885
17014	8	0.000843
17061	8	0.000845
17108	8	0.000877
17155	8	0.000850
17202	8	0.000856
17249	8	0.000856
17296	8	0.000858
17343	8	0.000861
17390	8	0.000864
17437	8	0.000865
17484	8	0.000869
17531	8	0.000870
17578	8	0.000873
17625	8	0.000876
17672	8	0.000877
17719	8	0.000881
17766	8	0.000882
17813	8	0.000886
17860	8	0.000890
17907	8	0.000929
17954	8	0.000892
18001	8	0.000897
18048	8	0.000898
18095	8	0.000900
18142	8	0.000901
18189	8	0.000903
18236	8	0.000909
18283	8	0.000909
18330	8	0.000911
18377	8	0.000915
18424	8	0.000949
18471	8	0.000920
18518	8	0.000921
18565	8	0.000923
18612	8	0.000926
18659	8	0.000930
18706	8	0.000970
18753	8	0.000934
18800	8	0.000935
18847	8	0.000940
18894	8	0.000942
18941	8	0.000993
18988	8	0.000946
19035	8	0.000949
19082	8	0.000949
19129	8	0.000953
19176	8	0.000955
19223	8	0.000957
19270	8	0.000962
19317	8	0.000962
19364	8	0.000964
19411	8	0.000967
19458	8	0.000972
19505	8	0.001000
19552	8	0.001013
19599	8	0.000977
19646	8	0.000983
19693	8	0.000981
19740	8	0.000984
19787	8	0.000987
19834	8	0.000990
19881	8	0.000992
19928	8	0.000993
19975	8	0.000995
20022	8	0.001001
20069	8	0.001000
20116	8	0.001003
20163	8	0.001006
20210	8	0.001010
20257	8	0.001010
20304	8	0.001053
20351	8	0.001015
20398	8	0.001022
20445	8	0.001019
20492	8	0.001023
20539	8	0.001026
20586	8	0.001029
20633	8	0.001030
20680	8	0.001033
20727	8	0.001052
20774	8	0.001039
20821	8	0.001040
20868	8	0.001042
20915	8	0.001046
20962	8	0.001049
21009	8	0.001049
21056	8	0.001053
21103	8	0.001097
21150	8	0.001056
21197	8	0.001060
21244	8	0.001183
21291	8	0.001106
21338	8	0.001066
21385	8	0.001068
21432	8	0.001073
21479	8	0.001073
21526	8	0.001077
21573	8	0.001080
21620	8	0.001083
21667	8	0.001082
21714	8	0.001087
21761	8	0.001115
21808	8	0.001135
21855	8	0.001092
21902	8	0.001100
21949	8	0.001102
21996	8	0.001100
22043	8	0.001102
22090	8	0.001106
22137	8	0.001108
22184	8	0.001110
22231	8	0.001112
22278	8	0.001116
22325	8	0.001118
22372	8	0.001119
22419	8	0.001121
22466	8	0.001127
22513	8	0.001167
22560	8	0.001130
22607	8	0.001134
22654	8	0.001195
22701	8	0.001137
22748	8	0.001138
22795	8	0.001143
22842	8	0.001145
22889	8	0.001146
22936	8	0.001148
22983	8	0.001153
23030	8	0.001154
23077	8	0.001156
23124	8	0.001160
23171	8	0.001177
23218	8	0.001187
23265	8	0.001167
23312	8	0.001168
23359	8	0.001172
23406	8	0.001173
23453	8	0.001177
23500	8	0.001179
23547	8	0.001180
23594	8	0.001184
23641	8	0.001185
23688	8	0.001188
23735	8	0.001190
23782	8	0.001193
23829	8	0.001263
23876	8	0.001199
23923	8	0.001201
23970	8	0.001201
24017	8	0.001205
24064	8	0.001209
24111	8	0.001210
24158	8	0.001211
24205	8	0.001216
24252	8	0.001218
24299	8	0.001219
24346	8	0.001221
24393	8	0.001226
24440	8	0.001270
24487	8	0.001269
24534	8	0.001234
24581	8	0.001234
24628	8	0.001237
24675	8	0.001239
24722	8	0.001241
24769	8	0.001245
24816	8	0.001247
24863	8	0.001248
24910	8	0.001253
24957	8	0.001321
25004	8	0.001257
25051	8	0.001258
25098	8	0.001299
25145	8	0.001293
25192	8	0.001265
25239	8	0.001267
25286	8	0.001273
25333	8	0.001271
25380	8	0.001275
25427	8	0.001280
25474	8	0.001279
25521	8	0.001310
25568	8	0.001286
25615	8	0.001286
25662	8	0.001292
25709	8	0.001359
25756	8	0.001294
25803	8	0.001298
25850	8	0.001300
25897	8	0.001302
25944	8	0.001304
25991	8	0.001308
26038	8	0.001311
26085	8	0.001311
26132	8	0.001315
26179	8	0.001317
26226	8	0.001318
26273	8	0.001322
26320	8	0.001365
26367	8	0.001325
26414	8	0.001331
26461	8	0.001330
26508	8	0.001333
26555	8	0.001340
26602	8	0.001339
26649	8	0.001341
26696	8	0.001378
26743	8	0.001367
26790	8	0.001348
26837	8	0.001351
26884	8	0.001411
26931	8	0.001356
26978	8	0.001359
27025	8	0.001359
27072	8	0.001363
27119	8	0.001365
27166	8	0.001394
27213	8	0.001370
27260	8	0.001530
27307	8	0.001375
27354	8	0.001380
27401	8	0.001407
27448	8	0.001449
27495	8	0.001383
27542	8	0.001388
27589	8	0.001390
27636	8	0.001393
27683	8	0.001392
27730	8	0.001397
27777	8	0.001399
27824	8	0.001402
27871	8	0.001402
27918	8	0.001406
27965	8	0.001437
28012	8	0.001450
28059	8	0.001413
28106	8	0.001417
28153	8	0.001417
28200	8	0.001423
28247	8	0.001422
28294	8	0.001424
28341	8	0.001430
28388	8	0.001430
28435	8	0.001434
28482	8	0.001438
28529	8	0.001436
28576	8	0.001484
28623	8	0.001445
28670	8	0.001519
28717	8	0.001449
28764	8	0.001448
28811	8	0.001451
28858	8	0.001456
28905	8	0.001456
28952	8	0.001461
28999	8	0.001462
29046	8	0.001463
29093	8	0.001531
29140	8	0.001472
29187	8	0.001470
29234	8	0.001476
29281	8	0.001475
29328	8	0.001480
29375	8	0.001482
29422	8	0.001482
29469	8	0.001486
29516	8	0.001489
29563	8	0.001489
29610	8	0.001537
29657	8	0.001495
29704	8	0.001500
29751	8	0.001501
29798	8	0.001502
29845	8	0.001506
29892	8	0.001508
29939	8	0.001509
29986	8	0.001513
30033	8	0.001516
30080	8	0.001518
30127	8	0.001519
30174	8	0.001610
30221	8	0.001526
30268	8	0.001528
30315	8	0.001554
30362	8	0.001533
30409	8	0.001535
30456	8	0.001593
30503	8	0.001539
30550	8	0.001541
30597	8	0.001544
30644	8	0.001646
30691	8	0.001552
30738	8	0.001552
30785	8	0.001582
30832	8	0.001557
30879	8	0.001558
30926	8	0.001592
30973	8	0.001647
31020	8	0.001566
31067	8	0.001569
31114	8	0.001570
31161	8	0.001613
31208	8	0.001602
31255	8	0.001578
31302	8	0.001584
31349	8	0.001582
31396	8	0.001587
31443	8	0.001588
31490	8	0.001590
31537	8	0.001595
31584	8	0.001595
31631	8	0.001637
31678	8	0.001601
31725	8	0.001601
31772	8	0.001605
31819	8	0.001608
31866	8	0.001611
31913	8	0.001613
31960	8	0.001614
32007	8	0.001618
32054	8	0.001620
32101	8	0.001688
32148	8	0.001624
32195	8	0.001627
32242	8	0.001630
32289	8	0.001630
32336	8	0.001636
32383	8	0.001636
32430	8	0.001640
32477	8	0.001642
32524	8	0.001643
32571	8	0.001648
32618	8	0.001689
32665	8	0.001652
32712	8	0.001656
32759	8	0.001685
32806	8	0.001662
32853	8	0.001660
32900	8	0.001663
32947	8	0.001666
32994	8	0.001668
33041	8	0.001688
33088	8	0.001696
33135	8	0.001676
33182	8	0.001677
33229	8	0.001737
33276	8	0.001904
33323	8	0.001689
33370	8	0.001687
33417	8	0.001688
33464	8	0.001694
33511	8	0.001762
33558	8	0.001699
33605	8	0.001702
33652	8	0.001703
33699	8	0.001703
33746	8	0.001708
33793	8	0.001711
33840	8	0.001712
33887	8	0.001715
33934	8	0.001715
33981	8	0.001761
34028	8	0.001720
34075	8	0.001722
34122	8	0.001729
34169	8	0.001727
34216	8	0.001732
34263	8	0.001774
34310	8	0.001808
34357	8	0.001741
34404	8	0.001781
34451	8	0.001772
34498	8	0.001788
34545	8	0.001777
34592	8	0.001749
34639	8	0.001783
34686	8	0.001883
34733	8	0.001817
34780	8	0.001761
34827	8	0.001834
34874	8	0.001768
34921	8	0.001793
34968	8	0.001798
35015	8	0.001771
35062	8	0.001775
35109	8	0.001775
35156	8	0.001781
35203	8	0.001780
35250	8	0.001786
35297	8	0.001848
35344	8	0.001831
35391	8	0.001795
35438	8	0.001793
35485	8	0.001797
35532	8	0.001800
35579	8	0.001801
35626	8	0.001804
35673	8	0.001806
35720	8	0.001921
35767	8	0.001841
35814	8	0.001812
35861	8	0.001814
35908	8	0.001820
35955	8	0.001887
36002	8	0.001824
36049	8	0.001828
36096	8	0.001829
36143	8	0.001936
36190	8	0.001863
36237	8	0.001835
36284	8	0.001840
36331	8	0.001878
36378	8	0.001871
36425	8	0.001845
36472	8	0.001916
36519	8	0.001852
36566	8	0.001966
36613	8	0.001856
36660	8	0.001858
36707	8	0.001860
36754	8	0.001929
36801	8	0.001868
36848	8	0.001876
36895	8	0.001872
36942	8	0.001913
36989	8	0.002044
37036	8	0.001877
37083	8	0.001879
37130	8	0.001921
37177	8	0.001913
37224	8	0.001885
37271	8	0.001889
37318	8	0.001930
37365	8	0.001950
37412	8	0.001933
37459	8	0.001902
37506	8	0.001902
37553	8	0.001971
37600	8	0.001907
37647	8	0.001906
37694	8	0.001912
37741	8	0.001978
37788	8	0.001956
37835	8	0.001946
37882	8	0.001921
37929	8	0.001993
37976	8	0.001925
38023	8	0.001926
38070	8	0.001932
38117	8	0.001985
38164	8	0.001948
38211	8	0.001979
38258	8	0.001940
38305	8	0.001981
38352	8	0.001976
38399	8	0.001945
38446	8	0.001952
38493	8	0.001991
38540	8	0.001982
38587	8	0.002024
38634	8	0.001959
38681	8	0.002000
38728	8	0.001994
38775	8	0.001999
38822	8	0.001972
38869	8	0.002012
38916	8	0.002005
38963	8	0.002014
39010	8	0.001979
39057	8	0.002019
39104	8	0.002014
39151	8	0.002011
39198	8	0.001988
39245	8	0.002030
39292	8	0.002250
39339	8	0.001995
39386	8	0.002038
39433	8	0.002066
39480	8	0.002005
39527	8	0.002003
39574	8	0.002007
39621	8	0.002076
39668	8	0.002014
39715	8	0.002014
39762	8	0.002090
39809	8	0.002116
39856	8	0.002024
39903	8	0.002022
39950	8	0.002027
39997	8	0.002096
40044	8	0.002032
40091	8	0.002032
40138	8	0.002100
40185	8	0.002082
40232	8	0.002045
40279	8	0.002044
40326	8	0.002085
40373	8	0.002109
40420	8	0.002050
40467	8	0.002054
40514	8	0.002180
40561	8	0.002087
40608	8	0.002060
40655	8	0.002067
40702	8	0.002209
40749	8	0.002097
40796	8	0.002070
40843	8	0.002073
40890	8	0.002185
40937	8	0.002082
40984	8	0.002109
41031	8	0.002085
41078	8	0.002150
41125	8	0.002091
41172	8	0.002091
41219	8	0.002130
41266	8	0.002167
41313	8	0.002095
41360	8	0.002100
41407	8	0.002143
41454	8	0.002132
41501	8	0.002105
41548	8	0.002111
41595	8	0.002177
41642	8	0.002155
41689	8	0.002115
41736	8	0.002120
41783	8	0.002189
41830	8	0.002124
41877	8	0.002126
41924	8	0.002169
41971	8	0.002147
42018	8	0.002156
42065	8	0.002140
42112	8	0.002178
42159	8	0.002170
42206	8	0.002142
42253	8	0.002146
42300	8	0.002215
42347	8	0.002190
42394	8	0.002152
42441	8	0.002183
42488	8	0.002277
42535	8	0.002159
42582	8	0.002163
42629	8	0.002203
42676	8	0.002196
42723	8	0.002207
42770	8	0.002173
42817	8	0.002242
42864	8	0.002178
42911	8	0.002179
42958	8	0.002229
43005	8	0.002335
43052	8	0.002255
43099	8	0.002190
43146	8	0.002285
43193	8	0.002197
43240	8	0.002196
43287	8	0.002223
43334	8	0.002247
43381	8	0.002201
43428	8	0.002246
43475	8	0.002256
43522	8	0.002239
43569	8	0.002214
43616	8	0.002216
43663	8	0.002297
43710	8	0.002254
43757	8	0.002289
43804	8	0.002262
43851	8	0.002287
43898	8	0.002229
43945	8	0.002262
43992	8	0.002299
44039	8	0.002266
44086	8	0.002309
44133	8	0.002306
44180	8	0.002300
44227	8	0.002246
44274	8	0.002250
44321	8	0.002315
44368	8	0.002286
44415	8	0.002257
44462	8	0.002343
44509	8	0.002336
44556	8	0.002263
44603	8	0.002296
44650	8	0.002333
44697	8	0.002300
44744	8	0.002304
44791	8	0.002396
44838	8	0.002336
44885	8	0.002280
44932	8	0.002289
44979	8	0.002378
45026	8	0.002290
45073	8	0.002294
45120	8	0.002429
45167	8	0.002324
45214	8	0.002296
45261	8	0.002340
45308	8	0.002619
45355	8	0.002307
45402	8	0.002308
45449	8	0.002418
45496	8	0.002343
45543	8	0.002315
45590	8	0.002354
45637	8	0.002376
45684	8	0.002321
45731	8	0.002348
45778	8	0.002446
45825	8	0.002328
45872	8	0.002335
45919	8	0.002397
45966	8	0.002366
46013	8	0.002341
46060	8	0.002382
46107	8	0.002440
46154	8	0.002375
46201	8	0.002349
46248	8	0.002352
46295	8	0.002352
46342	8	0.002356
46389	8	0.002358
46436	8	0.002400
46483	8	0.002362
46530	8	0.002412
46577	8	0.002424
46624	8	0.002369
46671	8	0.002376
46718	8	0.002559
46765	8	0.002444
46812	8	0.002469
46859	8	0.002451
46906	8	0.002427
46953	8	0.002421
47000	8	0.002424
47047	8	0.002457
47094	8	0.002468
47141	8	0.002461
47188	8	0.002486
47235	8	0.002401
47282	8	0.002412
47329	8	0.002476
47376	8	0.002408
47423	8	0.002457
47470	8	0.002478
47517	8	0.002444
47564	8	0.002422
47611	8	0.002464
47658	8	0.002513
47705	8	0.002488
47752	8	0.002489
47799	8	0.002489
47846	8	0.002432
47893	8	0.002488
47940	8	0.002484
47987	8	0.002439
48034	8	0.002511
48081	8	0.002495
48128	8	0.002447
48175	8	0.002453
48222	8	0.002493
48269	8	0.002456
48316	8	0.002460
48363	8	0.002570
48410	8	0.002465
48457	8	0.002468
48504	8	0.002595
48551	8	0.002471
48598	8	0.002471
48645	8	0.002555
48692	8	0.002507
48739	8	0.002478
48786	8	0.002483
48833	8	0.002554
48880	8	0.002485
48927	8	0.002489
48974	8	0.002576
49021	8	0.002632
49068	8	0.002504
49115	8	0.002541
49162	8	0.002506
49209	8	0.002508
49256	8	0.002543
49303	8	0.002509
49350	8	0.002512
49397	8	0.002554
49444	8	0.002517
49491	8	0.002517
49538	8	0.002561
49585	8	0.002564
49632	8	0.002525
49679	8	0.002527
49726	8	0.002573
49773	8	0.002558
49820	8	0.002536
49867	8	0.002538
49914	8	0.002608
49961	8	0.002544
50008	8	0.002585
50055	8	0.002549
50102	8	0.002552
50149	8	0.002551
50196	8	0.002594
50243	8	0.002560
50290	8	0.002559
50337	8	0.002562
50384	8	0.002627
50431	8	0.002565
50478	8	0.002621
50525	8	0.002600
50572	8	0.002573
50619	8	0.002606
50666	8	0.002605
50713	8	0.002582
50760	8	0.002591
50807	8	0.002693
50854	8	0.002591
50901	8	0.002591
50948	8	0.002592
50995	8	0.002596
51042	8	0.002598
51089	8	0.002641
51136	8	0.002638
51183	8	0.002609
51230	8	0.002610
51277	8	0.002612
51324	8	0.002978
51371	8	0.002616
51418	8	0.002696
51465	8	0.002620
51512	8	0.002623
51559	8	0.002651
51606	8	0.002641
51653	8	0.002629
51700	8	0.002717
51747	8	0.002648
51794	8	0.002639
51841	8	0.002663
51888	8	0.002659
51935	8	0.002642
51982	8	0.002703
52029	8	0.002691
52076	8	0.002650
52123	8	0.002679
52170	8	0.002672
52217	8	0.002657
52264	8	0.002719
52311	8	0.002703
52358	8	0.002665
52405	8	0.002710
52452	8	0.002671
52499	8	0.002671
52546	8	0.002678
52593	8	0.002736
52640	8	0.002707
52687	8	0.002728
52734	8	0.002849
52781	8	0.002688
52828	8	0.002721
52875	8	0.002693
52922	8	0.002725
52969	8	0.002695
53016	8	0.002701
53063	8	0.002704
53110	8	0.002704
53157	8	0.002738
53204	8	0.002717
53251	8	0.002715
53298	8	0.002717
53345	8	0.002717
53392	8	0.002719
53439	8	0.002781
53486	8	0.002725
53533	8	0.002725
53580	8	0.002731
53627	8	0.002731
53674	8	0.002734
53721	8	0.002767
53768	8	0.002740
53815	8	0.002741
53862	8	0.002744
53909	8	0.002746
53956	8	0.002751
54003	8	0.002780
54050	8	0.002753
54097	8	0.002827
54144	8	0.002757
54191	8	0.002787
54238	8	0.002778
54285	8	0.002823
54332	8	0.002771
54379	8	0.002769
54426	8	0.002771
54473	8	0.002778
54520	8	0.002914
54567	8	0.002813
54614	8	0.002847
54661	8	0.002785
54708	8	0.002790
54755	8	0.002788
54802	8	0.002796
54849	8	0.002827
54896	8	0.002866
54943	8	0.002797
54990	8	0.002806
55037	8	0.002960
55084	8	0.002807
55131	8	0.002868
55178	8	0.002841
55225	8	0.002821
55272	8	0.002859
55319	8	0.002851
55366	8	0.002823
55413	8	0.002853
55460	8	0.002826
55507	8	0.002830
55554	8	0.002830
55601	8	0.002863
55648	8	0.002867
55695	8	0.002904
55742	8	0.002841
55789	8	0.002845
55836	8	0.002847
55883	8	0.002848
55930	8	0.002918
55977	8	0.002910
56024	8	0.002856
56071	8	0.002856
56118	8	0.002864
56165	8	0.002862
56212	8	0.002896
56259	8	0.002868
56306	8	0.002892
56353	8	0.002917
56400	8	0.002884
56447	8	0.002917
56494	8	0.002941
56541	8	0.002882
56588	8	0.002883
56635	8	0.002888
56682	8	0.002890
56729	8	0.002922
56776	8	0.002922
56823	8	0.002945
56870	8	0.002900
56917	8	0.002900
56964	8	0.002904
57011	8	0.002939
57058	8	0.002909
57105	8	0.002937
57152	8	0.002917
57199	8	0.002916
57246	8	0.002920
57293	8	0.002957
57340	8	0.003259
57387	8	0.002979
57434	8	0.002966
57481	8	0.002941
57528	8	0.002967
57575	8	0.002971
57622	8	0.002938
57669	8	0.002941
57716	8	0.002987
57763	8	0.002972
57810	8	0.002981
57857	8	0.003014
57904	8	0.002956
57951	8	0.002981
57998	8	0.002958
58045	8	0.002980
58092	8	0.002977
58139	8	0.002964
58186	8	0.002968
58233	8	0.002967
58280	8	0.002972
58327	8	0.003004
58374	8	0.003033
58421	8	0.002978
58468	8	0.002981
58515	8	0.002984
58562	8	0.002988
58609	8	0.003018
58656	8	0.002991
58703	8	0.002998
58750	8	0.003204
58797	8	0.002998
58844	8	0.003065
58891	8	0.003002
58938	8	0.003007
58985	8	0.003006
59032	8	0.003011
59079	8	0.003014
59126	8	0.003100
59173	8	0.003043
59220	8	0.003021
59267	8	0.003023
59314	8	0.003032
59361	8	0.003062
59408	8	0.003036
59455	8	0.003033
59502	8	0.003035
59549	8	0.003035
59596	8	0.003042
59643	8	0.003071
59690	8	0.003047
59737	8	0.003046
59784	8	0.003050
59831	8	0.003053
59878	8	0.003085
59925	8	0.003084
59972	8	0.003060
60019	8	0.003061
60066	8	0.003063
60113	8	0.003069
60160	8	0.003098
60207	8	0.003072
60254	8	0.003073
60301	8	0.003075
60348	8	0.003077
60395	8	0.003112
60442	8	0.003084
60489	8	0.003086
60536	8	0.003289
60583	8	0.003089
60630	8	0.003155
60677	8	0.003128
60724	8	0.003157
60771	8	0.003127
60818	8	0.003101
60865	8	0.003106
60912	8	0.003139
60959	8	0.003109
61006	8	0.003117
61053	8	0.003287
61100	8	0.003121
61147	8	0.003150
61194	8	0.003122
61241	8	0.003123
61288	8	0.003127
61335	8	0.003128
61382	8	0.003170
61429	8	0.003167
61476	8	0.003140
61523	8	0.003140
61570	8	0.003141
61617	8	0.003175
61664	8	0.003144
61711	8	0.003149
61758	8	0.003152
61805	8	0.003153
61852	8	0.003157
61899	8	0.003189
61946	8	0.003160
61993	8	0.003187
62040	8	0.003579
62087	8	0.003317
62134	8	0.003282
62181	8	0.003247
62228	8	0.003253
62275	8	0.003256
62322	8	0.003259
62369	8	0.003280
62416	8	0.003187
62463	8	0.003187
62510	8	0.003191
62557	8	0.003192
62604	8	0.003226
62651	8	0.003197
62698	8	0.003200
62745	8	0.003228
62792	8	0.003206
62839	8	0.003292
62886	8	0.003265
62933	8	0.003209
62980	8	0.003215
63027	8	0.003218
63074	8	0.003238
63121	8	0.003235
63168	8	0.003224
63215	8	0.003226
63262	8	0.003230
63309	8	0.003265
63356	8	0.003598
63403	8	0.003242
63450	8	0.003242
63497	8	0.003247
63544	8	0.003244
63591	8	0.003303
63638	8	0.003248
63685	8	0.003250
63732	8	0.003253
63779	8	0.003254
63826	8	0.003291
63873	8	0.003299
63920	8	0.003262
63967	8	0.003266
64014	8	0.003271
64061	8	0.003302
64108	8	0.003273
64155	8	0.003302
64202	8	0.003276
64249	8	0.003280
64296	8	0.003315
64343	8	0.003317
64390	8	0.003287
64437	8	0.003290
64484	8	0.003290
64531	8	0.003325
64578	8	0.003297
64625	8	0.003298
64672	8	0.003301
64719	8	0.003308
64766	8	0.003499
64813	8	0.003310
64860	8	0.003312
64907	8	0.003314
64954	8	0.003320
65001	8	0.003348
65048	8	0.003346
65095	8	0.003325
65142	8	0.003325
65189	8	0.003328
65236	8	0.003363
65283	8	0.003366
65330	8	0.003335
65377	8	0.003337
65424	8	0.003341
65471	8	0.003381
65518	8	0.003352
65565	8	0.003353
65612	8	0.003386
65659	8	0.003350
65706	8	0.003415
65753	8	0.003357
65800	8	0.003360
65847	8	0.003362
65894	8	0.003364
65941	8	0.003396
65988	8	0.003371
66035	8	0.003371
66082	8	0.003432
66129	8	0.003467
66176	8	0.003441
66223	8	0.003384
66270	8	0.003469
66317	8	0.003398
66364	8	0.003442
66411	8	0.003419
66458	8	0.003394
66505	8	0.003405
66552	8	0.003519
66599	8	0.003458
66646	8	0.003403
66693	8	0.003405
66740	8	0.003410
66787	8	0.003412
66834	8	0.003444
66881	8	0.003418
66928	8	0.003415
66975	8	0.003420
67022	8	0.003426
67069	8	0.003644
67116	8	0.003456
67163	8	0.003429
67210	8	0.003432
67257	8	0.003436
67304	8	0.003466
67351	8	0.003438
67398	8	0.003444
67445	8	0.003442
67492	8	0.003447
67539	8	0.003487
67586	8	0.003458
67633	8	0.003508
67680	8	0.003457
67727	8	0.003522
67774	8	0.003490
67821	8	0.003491
67868	8	0.003495
67915	8	0.003470
67962	8	0.003502
68009	8	0.003500
68056	8	0.003476
68103	8	0.003477
68150	8	0.003482
68197	8	0.003513
68244	8	0.003486
68291	8	0.003488
68338	8	0.003490
68385	8	0.003491
68432	8	0.003558
68479	8	0.003497
68526	8	0.003501
68573	8	0.003502
68620	8	0.003536
68667	8	0.003509
68714	8	0.003510
68761	8	0.003510
68808	8	0.003518
68855	8	0.003608
68902	8	0.003520
68949	8	0.003522
68996	8	0.003524
69043	8	0.003528
69090	8	0.003560
69137	8	0.003554
69184	8	0.003534
69231	8	0.003536
69278	8	0.003570
69325	8	0.003543
69372	8	0.003942
69419	8	0.003547
69466	8	0.003551
69513	8	0.003581
69560	8	0.003590
69607	8	0.003561
69654	8	0.003564
69701	8	0.003561
69748	8	0.003595
69795	8	0.003592
69842	8	0.003569
69889	8	0.003570
69936	8	0.003605
69983	8	0.003575
70030	8	0.003578
70077	8	0.003580
70124	8	0.003584
70171	8	0.003615
70218	8	0.003589
70265	8	0.003590
70312	8	0.003594
70359	8	0.003593
70406	8	0.003657
70453	8	0.003627
70500	8	0.003603
70547	8	0.003606
70594	8	0.003639
70641	8	0.003609
70688	8	0.003611
70735	8	0.003626
70782	8	0.003796
70829	8	0.003652
70876	8	0.003620
70923	8	0.003651
70970	8	0.003628
71017	8	0.003659
71064	8	0.003659
71111	8	0.003632
71158	8	0.003634
71205	8	0.003638
71252	8	0.003700
71299	8	0.003641
71346	8	0.003675
71393	8	0.003648
71440	8	0.003670
71487	8	0.003667
71534	8	0.003655
71581	8	0.003657
71628	8	0.003669
71675	8	0.003696
71722	8	0.003693
71769	8	0.003668
71816	8	0.003670
71863	8	0.003688
71910	8	0.003690
71957	8	0.003677
72004	8	0.003709
72051	8	0.003684
72098	8	0.003715
72145	8	0.003692
72192	8	0.003688
72239	8	0.003692
72286	8	0.003711
72333	8	0.003764
72380	8	0.003701
72427	8	0.003701
72474	8	0.003703
72521	8	0.003738
72568	8	0.003842
72615	8	0.003711
72662	8	0.003772
72709	8	0.003716
72756	8	0.003789
72803	8	0.003720
72850	8	0.003756
72897	8	0.003726
72944	8	0.003758
72991	8	0.003783
73038	8	0.003739
73085	8	0.003942
73132	8	0.003770
73179	8	0.003739
73226	8	0.003742
73273	8	0.003745
73320	8	0.003747
73367	8	0.003781
73414	8	0.003754
73461	8	0.003753
73508	8	0.003756
73555	8	0.003792
73602	8	0.003790
73649	8	0.003772
73696	8	0.003775
73743	8	0.003776
73790	8	0.003804
73837	8	0.003772
73884	8	0.003777
73931	8	0.003781
73978	8	0.003811
74025	8	0.003785
74072	8	0.003787
74119	8	0.003864
74166	8	0.003832
74213	8	0.003820
74260	8	0.003823
74307	8	0.003799
74354	8	0.003801
74401	8	0.003834
74448	8	0.003810
74495	8	0.003806
74542	8	0.003815
74589	8	0.003844
74636	8	0.003816
74683	8	0.003819
74730	8	0.003820
74777	8	0.003853
74824	8	0.003855
74871	8	0.003893
74918	8	0.003831
74965	8	0.003830
75012	8	0.003866
75059	8	0.003839
75106	8	0.003840
75153	8	0.003842
75200	8	0.003876
75247	8	0.003846
75294	8	0.003877
75341	8	0.003881
75388	8	0.004317
75435	8	0.003885
75482	8	0.003858
75529	8	0.003861
75576	8	0.003865
75623	8	0.003897
75670	8	0.003869
75717	8	0.003880
75764	8	0.003881
75811	8	0.003913
75858	8	0.003881
75905	8	0.003880
75952	8	0.003885
75999	8	0.003915
76046	8	0.003944
76093	8	0.003892
76140	8	0.003893
76187	8	0.003926
76234	8	0.003900
76281	8	0.003900
76328	8	0.003903
76375	8	0.003904
76422	8	0.003939
76469	8	0.003912
76516	8	0.003913
76563	8	0.003913
76610	8	0.003950
76657	8	0.003946
76704	8	0.003922
76751	8	0.003932
76798	8	0.004153
76845	8	0.003930
76892	8	0.003932
76939	8	0.003934
76986	8	0.003972
77033	8	0.003938
77080	8	0.003941
77127	8	0.003972
77174	8	0.003976
77221	8	0.003980
77268	8	0.003954
77315	8	0.003954
77362	8	0.003958
77409	8	0.003989
77456	8	0.003962
77503	8	0.003965
77550	8	0.003966
77597	8	0.003998
77644	8	0.003971
77691	8	0.003971
77738	8	0.003985
77785	8	0.004016
77832	8	0.004017
77879	8	0.003983
77926	8	0.003985
77973	8	0.004018
78020	8	0.003992
78067	8	0.003991
78114	8	0.003994
78161	8	0.004032
78208	8	0.003999
78255	8	0.004001
78302	8	0.004032
78349	8	0.004006
78396	8	0.004042
78443	8	0.004039
78490	8	0.004015
78537	8	0.004018
78584	8	0.004193
78631	8	0.004020
78678	8	0.004082
78725	8	0.004026
78772	8	0.004093
78819	8	0.004031
78866	8	0.004061
78913	8	0.004036
78960	8	0.004073
79007	8	0.004096
79054	8	0.004049
79101	8	0.004268
79148	8	0.004080
79195	8	0.004049
79242	8	0.004054
79289	8	0.004059
79336	8	0.004089
79383	8	0.004059
79430	8	0.004064
79477	8	0.004065
79524	8	0.004098
79571	8	0.004098
79618	8	0.004072
79665	8	0.004075
79712	8	0.004108
79759	8	0.004080
79806	8	0.004091
79853	8	0.004092
79900	8	0.004126
79947	8	0.004090
79994	8	0.004090
80041	8	0.004094
80088	8	0.004127
80135	8	0.004153
80182	8	0.004104
80229	8	0.004135
80276	8	0.004167
80323	8	0.004133
80370	8	0.004143
80417	8	0.004112
80464	8	0.004153
80511	8	0.004117
80558	8	0.004124
80605	8	0.004121
80652	8	0.004158
80699	8	0.004155
80746	8	0.004130
80793	8	0.004133
80840	8	0.004168
80887	8	0.004208
80934	8	0.004142
80981	8	0.004143
81028	8	0.004177
81075	8	0.004147
81122	8	0.004150
81169	8	0.004220
81216	8	0.004190
81263	8	0.004185
81310	8	0.004160
81357	8	0.004162
81404	8	0.004665
81451	8	0.004169
81498	8	0.004171
81545	8	0.004211
81592	8	0.004207
81639	8	0.004177
81686	8	0.004180
81733	8	0.004182
81780	8	0.004216
81827	8	0.004240
81874	8	0.004212
81921	8	0.004200
81968	8	0.004227
82015	8	0.004197
82062	8	0.004200
82109	8	0.004202
82156	8	0.004234
82203	8	0.004205
82250	8	0.004216
82297	8	0.004210
82344	8	0.004247
82391	8	0.004243
82438	8	0.004218
82485	8	0.004224
82532	8	0.004254
82579	8	0.004225
82626	8	0.004264
82673	8	0.004229
82720	8	0.004264
82767	8	0.004240
82814	8	0.004446
82861	8	0.004242
82908	8	0.004274
82955	8	0.004272
83002	8	0.004250
83049	8	0.004248
83096	8	0.004282
83143	8	0.004283
83190	8	0.004256
83237	8	0.004257
83284	8	0.004294
83331	8	0.004263
83378	8	0.004269
83425	8	0.004298
83472	8	0.004273
83519	8	0.004303
83566	8	0.004276
83613	8	0.004308
83660	8	0.004284
83707	8	0.004308
83754	8	0.004469
83801	8	0.004320
83848	8	0.004356
83895	8	0.004332
83942	8	0.004304
83989	8	0.004337
84036	8	0.004408
84083	8	0.004303
84130	8	0.004307
84177	8	0.004345
84224	8	0.004309
84271	8	0.004439
84318	8	0.004346
84365	8	0.004431
84412	8	0.004322
84459	8	0.004322
84506	8	0.004355
84553	8	0.004332
84600	8	0.004539
84647	8	0.004333
84694	8	0.004365
84741	8	0.004337
84788	8	0.004340
84835	8	0.004341
84882	8	0.004374
84929	8	0.004347
84976	8	0.004349
85023	8	0.004350
85070	8	0.004389
85117	8	0.004624
85164	8	0.004362
85211	8	0.004360
85258	8	0.004393
85305	8	0.004367
85352	8	0.004369
85399	8	0.004400
85446	8	0.004375
85493	8	0.004376
85540	8	0.004378
85587	8	0.004412
85634	8	0.004412
85681	8	0.004413
85728	8	0.004387
85775	8	0.004422
85822	8	0.004394
85869	8	0.004394
85916	8	0.004401
85963	8	0.004441
86010	8	0.004409
86057	8	0.004406
86104	8	0.004425
86151	8	0.004423
86198	8	0.004441
86245	8	0.004413
86292	8	0.004448
86339	8	0.004421
86386	8	0.004421
86433	8	0.004423
86480	8	0.004462
86527	8	0.004431
86574	8	0.004432
86621	8	0.004432
86668	8	0.004466
86715	8	0.004466
86762	8	0.004441
86809	8	0.004472
86856	8	0.004448
86903	8	0.004524
86950	8	0.004452
86997	8	0.004484
87044	8	0.004455
87091	8	0.004459
87138	8	0.004461
87185	8	0.004492
87232	8	0.004521
87279	8	0.004467
87326	8	0.004471
87373	8	0.004503
87420	8	0.004976
87467	8	0.004477
87514	8	0.004510
87561	8	0.004481
87608	8	0.004486
87655	8	0.004630
87702	8	0.004521
87749	8	0.004583
87796	8	0.004527
87843	8	0.004496
87890	8	0.004535
87937	8	0.004591
87984	8	0.004517
88031	8	0.004550
88078	8	0.004559
88125	8	0.004552
88172	8	0.004542
88219	8	0.004550
88266	8	0.004609
88313	8	0.004547
88360	8	0.004555
88407	8	0.004525
88454	8	0.004530
88501	8	0.004534
88548	8	0.004564
88595	8	0.004537
88642	8	0.004539
88689	8	0.004540
88736	8	0.004574
88783	8	0.004578
88830	8	0.004772
88877	8	0.004581
88924	8	0.004554
88971	8	0.004554
89018	8	0.004558
89065	8	0.004589
89112	8	0.004563
89159	8	0.004593
89206	8	0.004565
89253	8	0.004601
89300	8	0.004600
89347	8	0.004573
89394	8	0.004609
89441	8	0.004578
89488	8	0.004582
89535	8	0.004642
89582	8	0.004681
89629	8	0.004587
89676	8	0.004621
89723	8	0.004652
89770	8	0.004601
89817	8	0.004625
89864	8	0.004602
89911	8	0.004660
89958	8	0.004598
90005	8	0.004598
90052	8	0.004651
90099	8	0.004652
90146	8	0.004623
90193	8	0.004624
90240	8	0.004651
90287	8	0.004624
90334	8	0.004653
90381	8	0.004627
90428	8	0.004657
90475	8	0.004625
90522	8	0.004628
90569	8	0.004660
90616	8	0.004805
90663	8	0.004641
90710	8	0.004645
90757	8	0.004821
90804	8	0.004707
90851	8	0.004732
90898	8	0.004715
90945	8	0.004687
90992	8	0.004713
91039	8	0.004740
91086	8	0.004745
91133	8	0.005045
91180	8	0.004786
91227	8	0.004841
91274	8	0.004788
91321	8	0.004792
91368	8	0.004804
91415	8	0.004714
91462	8	0.004685
91509	8	0.004683
91556	8	0.004718
91603	8	0.004693
91650	8	0.004693
91697	8	0.004697
91744	8	0.004728
91791	8	0.004728
91838	8	0.004705
91885	8	0.004735
91932	8	0.004708
91979	8	0.004711
92026	8	0.004714
92073	8	0.004756
92120	8	0.004726
92167	8	0.004729
92214	8	0.004725
92261	8	0.004782
92308	8	0.004755
92355	8	0.004732
92402	8	0.004763
92449	8	0.004734
92496	8	0.004742
92543	8	0.004738
92590	8	0.004821
92637	8	0.004743
92684	8	0.004747
92731	8	0.004785
92778	8	0.004779
92825	8	0.004756
92872	8	0.004774
92919	8	0.004854
92966	8	0.004763
93013	8	0.004769
93060	8	0.004798
93107	8	0.004769
93154	8	0.004771
93201	8	0.004832
93248	8	0.004778
93295	8	0.004804
93342	8	0.004781
93389	8	0.004843
93436	8	0.005351
93483	8	0.004789
93530	8	0.004822
93577	8	0.004792
93624	8	0.004797
93671	8	0.004797
93718	8	0.004832
93765	8	0.004831
93812	8	0.004804
93859	8	0.004838
93906	8	0.004812
93953	8	0.004838
94000	8	0.004820
94047	8	0.004954
94094	8	0.004822
94141	8	0.004936
94188	8	0.004943
94235	8	0.004891
94282	8	0.004859
94329	8	0.004947
94376	8	0.004836
94423	8	0.004835
94470	8	0.004899
94517	8	0.004905
94564	8	0.004843
94611	8	0.004874
94658	8	0.004974
94705	8	0.004879
94752	8	0.004891
94799	8	0.004862
94846	8	0.005128
94893	8	0.004863
94940	8	0.004863
94987	8	0.004895
95034	8	0.004870
95081	8	0.004900
95128	8	0.004903
95175	8	0.004877
95222	8	0.004901
95269	8	0.004878
95316	8	0.004917
95363	8	0.004883
95410	8	0.004889
95457	8	0.004920
95504	8	0.004893
95551	8	0.004922
95598	8	0.004896
95645	8	0.004930
95692	8	0.004958
95739	8	0.004902
95786	8	0.004938
95833	8	0.004908
95880	8	0.004912
95927	8	0.004950
95974	8	0.004916
96021	8	0.004921
96068	8	0.004922
96115	8	0.004955
96162	8	0.004952
96209	8	0.004943
96256	8	0.004972
96303	8	0.004937
96350	8	0.004935
96397	8	0.004952
96444	8	0.004957
96491	8	0.004942
96538	8	0.004947
96585	8	0.004979
96632	8	0.005154
96679	8	0.004952
96726	8	0.004988
96773	8	0.004956
96820	8	0.005068
96867	8	0.004994
96914	8	0.005147
96961	8	0.004972
97008	8	0.004971
97055	8	0.005228
97102	8	0.005104
97149	8	0.005381
97196	8	0.005104
97243	8	0.005101
97290	8	0.005106
97337	8	0.005136
97384	8	0.005112
97431	8	0.005111
97478	8	0.005145
97525	8	0.005114
97572	8	0.005119
97619	8	0.005124
97666	8	0.005151
97713	8	0.005129
97760	8	0.005108
97807	8	0.005042
97854	8	0.005015
97901	8	0.005016
97948	8	0.005049
97995	8	0.005024
98042	8	0.005050
98089	8	0.005057
98136	8	0.005028
98183	8	0.005029
98230	8	0.005045
98277	8	0.005075
98324	8	0.005047
98371	8	0.005040
98418	8	0.005076
98465	8	0.005042
98512	8	0.005081
98559	8	0.005080
98606	8	0.005054
98653	8	0.005053
98700	8	0.005056
98747	8	0.005094
98794	8	0.005063
98841	8	0.005090
98888	8	0.005100
98935	8	0.005185
98982	8	0.005071
99029	8	0.005106
99076	8	0.005076
99123	8	0.005138
99170	8	0.005115
99217	8	0.005140
99264	8	0.005122
99311	8	0.005114
99358	8	0.005126
99405	8	0.005122
99452	8	0.005667
99499	8	0.005158
99546	8	0.005100
99593	8	0.005135
99640	8	0.005141
99687	8	0.005107
99734	8	0.005112
99781	8	0.005145
99828	8	0.005142
99875	8	0.005144
99922	8	0.005123
99969	8	0.005184
100016	8	0.005126
100063	8	0.005128
100110	8	0.005161
100157	8	0.005132
100204	8	0.005135
100251	8	0.005169
100298	8	0.005153
100345	8	0.005212
100392	8	0.005177
100439	8	0.005145
100486	8	0.005177
100533	8	0.005183
100580	8	0.005154
100627	8	0.005156
100674	8	0.005159
100721	8	0.005223
100768	8	0.005191
100815	8	0.005172
100862	8	0.005456
100909	8	0.005171
100956	8	0.005173
101003	8	0.005206
101050	8	0.005212
101097	8	0.005180
101144	8	0.005214
101191	8	0.005187
101238	8	0.005213
101285	8	0.005221
101332	8	0.005195
101379	8	0.005380
101426	8	0.005233
101473	8	0.005433
101520	8	0.005205
101567	8	0.005243
101614	8	0.005395
101661	8	0.005435
101708	8	0.005217
101755	8	0.005280
101802	8	0.005218
101849	8	0.005218
101896	8	0.005507
101943	8	0.005227
101990	8	0.005226
102037	8	0.005260
102084	8	0.005233
102131	8	0.005311
102178	8	0.005487
102225	8	0.005247
102272	8	0.005248
102319	8	0.005289
102366	8	0.005256
102413	8	0.005304
102460	8	0.005478
102507	8	0.005252
102554	8	0.005282
102601	8	0.005292
102648	8	0.005446
102695	8	0.005505
102742	8	0.005368
102789	8	0.005299
102836	8	0.005307
102883	8	0.005271
102930	8	0.005362
102977	8	0.005488
103024	8	0.005318
103071	8	0.005314
103118	8	0.005322
103165	8	0.005614
103212	8	0.005480
103259	8	0.005423
103306	8	0.005302
103353	8	0.005358
103400	8	0.005327
103447	8	0.005328
103494	8	0.005496
103541	8	0.005427
103588	8	0.005376
103635	8	0.005408
103682	8	0.005313
103729	8	0.005472
103776	8	0.005380
103823	8	0.005420
103870	8	0.005388
103917	8	0.005360
103964	8	0.005356
104011	8	0.005487
104058	8	0.005364
104105	8	0.005434
104152	8	0.005340
104199	8	0.005405
104246	8	0.005501
104293	8	0.005401
104340	8	0.005398
104387	8	0.005428
104434	8	0.005365
104481	8	0.005397
104528	8	0.005548
104575	8	0.005394
104622	8	0.005495
104669	8	0.005422
104716	8	0.005421
104763	8	0.005556
104810	8	0.005506
104857	8	0.005504
104904	8	0.005856
104951	8	0.005478
104998	8	0.005411
105045	8	0.005731
105092	8	0.005518
105139	8	0.005523
105186	8	0.005701
105233	8	0.005427
105280	8	0.005667
105327	8	0.005430
105374	8	0.005402
105421	8	0.005581
105468	8	0.006163
105515	8	0.005619
105562	8	0.005502
105609	8	0.005445
105656	8	0.005417
105703	8	0.005711
105750	8	0.005456
105797	8	0.005639
105844	8	0.005420
105891	8	0.005492
105938	8	0.005461
105985	8	0.005729
106032	8	0.005680
106079	8	0.005467
106126	8	0.005441
106173	8	0.005475
106220	8	0.005656
106267	8	0.005625
106314	8	0.005669
106361	8	0.005450
106408	8	0.005495
106455	8	0.005501
106502	8	0.005778
106549	8	0.005710
106596	8	0.005500
106643	8	0.005467
106690	8	0.005474
106737	8	0.005502
106784	8	0.005952
106831	8	0.005542
106878	8	0.005815
106925	8	0.005483
106972	8	0.005483
107019	8	0.005759
107066	8	0.005775
107113	8	0.005493
107160	8	0.005547
107207	8	0.005498
107254	8	0.005557
107301	8	0.005742
107348	8	0.005556
107395	8	0.005505
107442	8	0.005559
107489	8	0.005511
107536	8	0.005692
107583	8	0.005797
107630	8	0.005520
107677	8	0.005606
107724	8	0.005574
107771	8	0.005550
107818	8	0.005818
107865	8	0.005795
107912	8	0.005562
107959	8	0.005566
108006	8	0.005608
108053	8	0.005774
108100	8	0.005696
108147	8	0.005751
108194	8	0.005672
108241	8	0.005710
108288	8	0.005729
108335	8	0.005599
108382	8	0.005800
108429	8	0.005560
108476	8	0.005604
108523	8	0.005763
108570	8	0.005663
108617	8	0.005760
108664	8	0.005876
108711	8	0.005575
108758	8	0.005576
108805	8	0.005884
108852	8	0.005640
108899	8	0.005989
108946	8	0.005741
108993	8	0.005591
109040	8	0.005864
109087	8	0.005723
109134	8	0.005690
109181	8	0.006031
109228	8	0.005699
109275	8	0.005702
109322	8	0.005785
109369	8	0.005676
109416	8	0.005873
109463	8	0.005614
109510	8	0.005738
109557	8	0.005878
109604	8	0.005656
109651	8	0.005684
109698	8	0.005815
109745	8	0.005724
109792	8	0.005886
109839	8	0.005630
109886	8	0.005765
109933	8	0.005895
109980	8	0.005641
110027	8	0.005909
110074	8	0.005696
110121	8	0.005674
110168	8	0.005737
110215	8	0.005837
110262	8	0.005869
110309	8	0.005807
110356	8	0.005797
110403	8	0.005802
110450	8	0.005919
110497	8	0.005721
110544	8	0.005927
110591	8	0.005772
110638	8	0.005676
110685	8	0.005722
110732	8	0.005866
110779	8	0.005923
110826	8	0.005835
110873	8	0.005821
110920	8	0.005806
110967	8	0.006035
111014	8	0.005916
111061	8	0.005835
111108	8	0.005847
111155	8	0.005870
111202	8	0.005869
111249	8	0.006126
111296	8	0.005849
111343	8	0.005750
111390	8	0.005778
111437	8	0.005772
111484	8	0.006725
111531	8	0.005818
111578	8	0.005720
111625	8	0.005790
111672	8	0.005791
111719	8	0.005917
111766	8	0.005945
111813	8	0.005879
111860	8	0.005878
111907	8	0.005913
111954	8	0.005848
112001	8	0.005975
112048	8	0.005818
112095	8	0.005773
112142	8	0.005807
112189	8	0.005901
112236	8	0.005986
112283	8	0.005937
112330	8	0.005907
112377	8	0.005901
112424	8	0.005969
112471	8	0.005964
112518	8	0.005879
112565	8	0.005853
112612	8	0.005789
112659	8	0.005844
112706	8	0.005973
112753	8	0.005904
112800	8	0.005785
112847	8	0.005864
112894	8	0.006183
112941	8	0.005991
112988	8	0.006009
113035	8	0.005864
113082	8	0.005933
113129	8	0.005886
113176	8	0.005964
113223	8	0.005900
113270	8	0.005877
113317	8	0.005839
113364	8	0.005938
113411	8	0.006028
113458	8	0.005963
113505	8	0.006057
113552	8	0.005825
113599	8	0.005858
113646	8	0.006047
113693	8	0.005860
113740	8	0.005948
113787	8	0.005892
113834	8	0.005869
113881	8	0.006012
113928	8	0.005986
113975	8	0.005991
114022	8	0.006032
114069	8	0.005933
114116	8	0.006078
114163	8	0.005946
114210	8	0.005855
114257	8	0.005964
114304	8	0.005958
114351	8	0.006092
114398	8	0.006020
114445	8	0.006013
114492	8	0.006084
114539	8	0.005974
114586	8	0.006037
114633	8	0.005951
114680	8	0.006198
114727	8	0.005921
114774	8	0.005980
114821	8	0.006185
114868	8	0.006040
114915	8	0.006037
114962	8	0.006022
115009	8	0.006108
115056	8	0.006269
115103	8	0.006049
115150	8	0.006060
115197	8	0.006399
115244	8	0.006187
115291	8	0.006176
115338	8	0.006075
115385	8	0.006064
115432	8	0.006104
115479	8	0.006285
115526	8	0.006207
115573	8	0.006133
115620	8	0.005935
115667	8	0.005964
115714	8	0.006292
115761	8	0.006210
115808	8	0.006077
115855	8	0.006085
115902	8	0.005979
115949	8	0.006142
115996	8	0.006254
116043	8	0.005983
116090	8	0.006044
116137	8	0.005958
116184	8	0.006048
116231	8	0.006600
116278	8	0.006116
116325	8	0.006241
116372	8	0.006137
116419	8	0.006084
116466	8	0.006374
116513	8	0.006012
116560	8	0.006082
116607	8	0.006035
116654	8	0.006080
116701	8	0.006407
116748	8	0.006095
116795	8	0.006081
116842	8	0.006109
116889	8	0.006122
116936	8	0.006419
116983	8	0.006280
117030	8	0.006006
117077	8	0.006003
117124	8	0.006295
117171	8	0.006209
117218	8	0.006215
117265	8	0.006015
117312	8	0.006047
117359	8	0.006306
117406	8	0.006106
117453	8	0.006279
117500	8	0.006841
117547	8	0.006180
117594	8	0.006292
117641	8	0.006034
117688	8	0.006306
117735	8	0.006121
117782	8	0.006125
117829	8	0.006246
117876	8	0.006122
117923	8	0.006289
117970	8	0.006151
118017	8	0.006136
118064	8	0.006262
118111	8	0.006094
118158	8	0.006298
118205	8	0.006070
118252	8	0.006199
118299	8	0.006285
118346	8	0.006126
118393	8	0.006241
118440	8	0.006228
118487	8	0.006359
118534	8	0.006108
118581	8	0.006083
118628	8	0.006272
118675	8	0.006267
118722	8	0.006368
118769	8	0.006157
118816	8	0.006113
118863	8	0.006176
118910	8	0.006653
118957	8	0.006368
119004	8	0.006196
119051	8	0.006107
119098	8	0.006194
119145	8	0.006325
119192	8	0.006403
119239	8	0.006263
119286	8	0.006121
119333	8	0.006119
119380	8	0.006559
119427	8	0.006354
119474	8	0.006252
119521	8	0.006160
119568	8	0.006194
119615	8	0.006597
119662	8	0.006198
119709	8	0.006141
119756	8	0.006181
119803	8	0.006199
119850	8	0.006602
119897	8	0.006182
119944	8	0.006153
119991	8	0.006193
120038	8	0.006215
120085	8	0.006409
120132	8	0.006211
120179	8	0.006164
120226	8	0.006229
120273	8	0.006259
120320	8	0.006564
120367	8	0.006215
120414	8	0.006207
120461	8	0.006179
120508	8	0.006274
120555	8	0.006625
120602	8	0.006253
120649	8	0.006194
120696	8	0.006441
120743	8	0.006473
120790	8	0.006476
120837	8	0.006212
120884	8	0.006243
120931	8	0.006257
120978	8	0.006469
121025	8	0.006446
121072	8	0.006276
121119	8	0.006248
121166	8	0.006307
121213	8	0.006775
121260	8	0.006429
121307	8	0.006343
121354	8	0.006262
121401	8	0.006461
121448	8	0.006285
121495	8	0.006470
121542	8	0.006301
121589	8	0.006331
121636	8	0.006497
121683	8	0.006273
121730	8	0.006458
121777	8	0.006313
121824	8	0.006329
121871	8	0.006463
121918	8	0.006286
121965	8	0.006441
122012	8	0.006324
122059	8	0.006375
122106	8	0.006473
122153	8	0.006268
122200	8	0.006481
122247	8	0.006482
122294	8	0.006498
122341	8	0.006418
122388	8	0.006278
122435	8	0.006443
122482	8	0.006462
122529	8	0.006487
122576	8	0.006368
122623	8	0.006289
122670	8	0.006499
122717	8	0.006507
122764	8	0.006504
122811	8	0.006413
122858	8	0.006315
122905	8	0.006523
122952	8	0.006618
122999	8	0.006449
123046	8	0.006436
123093	8	0.006314
123140	8	0.006551
123187	8	0.006602
123234	8	0.006324
123281	8	0.006381
123328	8	0.006484
123375	8	0.006626
123422	8	0.006607
123469	8	0.006366
123516	8	0.007079
123563	8	0.006488
123610	8	0.006723
123657	8	0.006476
123704	8	0.006352
123751	8	0.006347
123798	8	0.006497
123845	8	0.006583
123892	8	0.006455
123939	8	0.006388
123986	8	0.006395
124033	8	0.006628
124080	8	0.006610
124127	8	0.006436
124174	8	0.006372
124221	8	0.006457
124268	8	0.006684
124315	8	0.006608
124362	8	0.006410
124409	8	0.006478
124456	8	0.006469
124503	8	0.006719
124550	8	0.006657
124597	8	0.006551
124644	8	0.006620
124691	8	0.006665
124738	8	0.006805
124785	8	0.006499
124832	8	0.006407
124879	8	0.006553
124926	8	0.006940
124973	8	0.006639
125020	8	0.006417
125067	8	0.006505
125114	8	0.006707
125161	8	0.006449
125208	8	0.006680
125255	8	0.006460
125302	8	0.006538
125349	8	0.006714
125396	8	0.006437
125443	8	0.006766
125490	8	0.006473
125537	8	0.006653
125584	8	0.006540
125631	8	0.006477
125678	8	0.006702
125725	8	0.006535
125772	8	0.006707
125819	8	0.006621
125866	8	0.006645
125913	8	0.006765
125960	8	0.006681
126007	8	0.006627
126054	8	0.006562
126101	8	0.006517
126148	8	0.006806
126195	8	0.006740
126242	8	0.006477
126289	8	0.006556
126336	8	0.006617
126383	8	0.006733
126430	8	0.006578
126477	8	0.006546
126524	8	0.006593
126571	8	0.006645
126618	8	0.006849
126665	8	0.006553
126712	8	0.006733
126759	8	0.006598
126806	8	0.006865
126853	8	0.006667
126900	8	0.006586
126947	8	0.006527
126994	8	0.006679
127041	8	0.006779
127088	8	0.006723
127135	8	0.006684
127182	8	0.006694
127229	8	0.007100
127276	8	0.006702
127323	8	0.006760
127370	8	0.006698
127417	8	0.006700
127464	8	0.006856
127511	8	0.006544
127558	8	0.006618
127605	8	0.006577
127652	8	0.006796
127699	8	0.006840
127746	8	0.006558
127793	8	0.006686
127840	8	0.006677
127887	8	0.006826
127934	8	0.006890
127981	8	0.006566
128028	8	0.006663
128075	8	0.006815
128122	8	0.006687
128169	8	0.006824
128216	8	0.006580
128263	8	0.006726
128310	8	0.006795
128357	8	0.006821
128404	8	0.006696
128451	8	0.006680
128498	8	0.006982
128545	8	0.006623
128592	8	0.006847
128639	8	0.006670
128686	8	0.006687
128733	8	0.006910
128780	8	0.006663
128827	8	0.006850
128874	8	0.006717
128921	8	0.006824
128968	8	0.006702
129015	8	0.006877
129062	8	0.006758
129109	8	0.006796
129156	8	0.006790
129203	8	0.006726
129250	8	0.006840
129297	8	0.006839
129344	8	0.006853
129391	8	0.006640
129438	8	0.006743
129485	8	0.006947
129532	8	0.007638
129579	8	0.006741
129626	8	0.006710
129673	8	0.006843
129720	8	0.006860
129767	8	0.006876
129814	8	0.006662
129861	8	0.006725
129908	8	0.006969
129955	8	0.006874
130002	8	0.006747
130049	8	0.006673
130096	8	0.006774
130143	8	0.007039
130190	8	0.006744
130237	8	0.006783
130284	8	0.006685
130331	8	0.006922
130378	8	0.006894
130425	8	0.006693
130472	8	0.006790
130519	8	0.006753
130566	8	0.006962
130613	8	0.006871
130660	8	0.006858
130707	8	0.006773
130754	8	0.006795
130801	8	0.006949
130848	8	0.006719
130895	8	0.006822
130942	8	0.007159
130989	8	0.007037
131036	8	0.006874
131083	8	0.006742
131130	8	0.006825
131177	8	0.006961
131224	8	0.007001
131271	8	0.006839
131318	8	0.006767
131365	8	0.006915
131412	8	0.006980
131459	8	0.006954
131506	8	0.006850
131553	8	0.006821
131600	8	0.007033
131647	8	0.006979
131694	8	0.006845
131741	8	0.006791
131788	8	0.007001
131835	8	0.006857
131882	8	0.006985
131929	8	0.006869
131976	8	0.006856
132023	8	0.007043
132070	8	0.006923
132117	8	0.006914
132164	8	0.006910
132211	8	0.007018
132258	8	0.006868
132305	8	0.007026
132352	8	0.006829
132399	8	0.007123
132446	8	0.006800
132493	8	0.006863
132540	8	0.007021
132587	8	0.006977
132634	8	0.007026
132681	8	0.006839
132728	8	0.007269
132775	8	0.006962
132822	8	0.007118
132869	8	0.006821
132916	8	0.006824
132963	8	0.007128
133010	8	0.007063
133057	8	0.006914
133104	8	0.006876
133151	8	0.007033
133198	8	0.007028
133245	8	0.007394
133292	8	0.007021
133339	8	0.007010
133386	8	0.007004
133433	8	0.006852
133480	8	0.006849
133527	8	0.006925
133574	8	0.006859
133621	8	0.006942
133668	8	0.006890
133715	8	0.006964
133762	8	0.006950
133809	8	0.006867
133856	8	0.006963
133903	8	0.006899
133950	8	0.006969
133997	8	0.006874
134044	8	0.006906
134091	8	0.006925
134138	8	0.006882
134185	8	0.006953
134232	8	0.006890
134279	8	0.006928
134326	8	0.006895
134373	8	0.006896
134420	8	0.006937
134467	8	0.006905
134514	8	0.006941
134561	8	0.006907
134608	8	0.006946
134655	8	0.006974
134702	8	0.006914
134749	8	0.007011
134796	8	0.006944
134843	8	0.006922
134890	8	0.006998
134937	8	0.006928
134984	8	0.007026
135031	8	0.007051
135078	8	0.007015
135125	8	0.006950
135172	8	0.006954
135219	8	0.006980
135266	8	0.006943
135313	8	0.007034
135360	8	0.006951
135407	8	0.006948
135454	8	0.007018
135501	8	0.006956
135548	8	0.007825
135595	8	0.006962
135642	8	0.007053
135689	8	0.006964
135736	8	0.007033
135783	8	0.006968
135830	8	0.006971
135877	8	0.007040
135924	8	0.006969
135971	8	0.007068
136018	8	0.007025
136065	8	0.007015
136112	8	0.007054
136159	8	0.006989
136206	8	0.007061
136253	8	0.007001
136300	8	0.007089
136347	8	0.006997
136394	8	0.007003
136441	8	0.007067
136488	8	0.007006
136535	8	0.007073
136582	8	0.007010
136629	8	0.007079
136676	8	0.007070
136723	8	0.007018
136770	8	0.007087
136817	8	0.007047
136864	8	0.007064
136911	8	0.007039
136958	8	0.007375
137005	8	0.007087
137052	8	0.007303
137099	8	0.007223
137146	8	0.007057
137193	8	0.007149
137240	8	0.007087
137287	8	0.007055
137334	8	0.007150
137381	8	0.007090
137428	8	0.007178
137475	8	0.007096
137522	8	0.007196
137569	8	0.007236
137616	8	0.007237
137663	8	0.007251
137710	8	0.007242
137757	8	0.007251
137804	8	0.007250
137851	8	0.007256
137898	8	0.007258
137945	8	0.007260
137992	8	0.007257
138039	8	0.007260
138086	8	0.007165
138133	8	0.007089
138180	8	0.007133
138227	8	0.007096
138274	8	0.007201
138321	8	0.007110
138368	8	0.007102
138415	8	0.007171
138462	8	0.007109
138509	8	0.007149
138556	8	0.007117
138603	8	0.007179
138650	8	0.007119
138697	8	0.007154
138744	8	0.007445
138791	8	0.007125
138838	8	0.007191
138885	8	0.007257
138932	8	0.007357
138979	8	0.007164
139026	8	0.007138
139073	8	0.007387
139120	8	0.007145
139167	8	0.007212
139214	8	0.007174
139261	8	0.007709
139308	8	0.007154
139355	8	0.007215
139402	8	0.007262
139449	8	0.007214
139496	8	0.007257
139543	8	0.007163
139590	8	0.007413
139637	8	0.007175
139684	8	0.007234
139731	8	0.007177
139778	8	0.007198
139825	8	0.007307
139872	8	0.007202
139919	8	0.007275
139966	8	0.007215
140013	8	0.007283
140060	8	0.007191
140107	8	0.007194
140154	8	0.007539
140201	8	0.007528
140248	8	0.007473
140295	8	0.007296
140342	8	0.007588
140389	8	0.007265
140436	8	0.007275
140483	8	0.007272
140530	8	0.007243
140577	8	0.007308
140624	8	0.007228
140671	8	0.007383
140718	8	0.007231
140765	8	0.007268
140812	8	0.007231
140859	8	0.007252
140906	8	0.007280
140953	8	0.007234
141000	8	0.007306
141047	8	0.007368
141094	8	0.007282
141141	8	0.007245
141188	8	0.007312
141235	8	0.007296
141282	8	0.007300
141329	8	0.007335
141376	8	0.007260
141423	8	0.007324
141470	8	0.007263
141517	8	0.007331
141564	8	0.008081
141611	8	0.007335
141658	8	0.007273
141705	8	0.007274
141752	8	0.007344
141799	8	0.007277
141846	8	0.007375
141893	8	0.007287
141940	8	0.007344
141987	8	0.007289
142034	8	0.007298
142081	8	0.007396
142128	8	0.007303
142175	8	0.007367
142222	8	0.007303
142269	8	0.007370
142316	8	0.007308
142363	8	0.007344
142410	8	0.007314
142457	8	0.007313
142504	8	0.007407
142551	8	0.007317
142598	8	0.007418
142645	8	0.007323
142692	8	0.007397
142739	8	0.007360
142786	8	0.007400
142833	8	0.007359
142880	8	0.007336
142927	8	0.007410
142974	8	0.007701
143021	8	0.007381
143068	8	0.007344
143115	8	0.007439
143162	8	0.007354
143209	8	0.007389
143256	8	0.007353
143303	8	0.007400
143350	8	0.007470
143397	8	0.007376
143444	8	0.007459
143491	8	0.007365
143538	8	0.007553
143585	8	0.007369
143632	8	0.007414
143679	8	0.007467
143726	8	0.007381
143773	8	0.007472
143820	8	0.007386
143867	8	0.007482
143914	8	0.007392
143961	8	0.007483
144008	8	0.007625
144055	8	0.007469
144102	8	0.007426
144149	8	0.007400
144196	8	0.007443
144243	8	0.007403
144290	8	0.007445
144337	8	0.007447
144384	8	0.007565
144431	8	0.007444
144478	8	0.007538
144525	8	0.007419
144572	8	0.007492
144619	8	0.007424
144666	8	0.007427
144713	8	0.007524
144760	8	0.007696
144807	8	0.007472
144854	8	0.007437
144901	8	0.007476
144948	8	0.007445
144995	8	0.007481
145042	8	0.007474
145089	8	0.007481
145136	8	0.007491
145183	8	0.007453
145230	8	0.007557
145277	8	0.007875
145324	8	0.007571
145371	8	0.007479
145418	8	0.007547
145465	8	0.007470
145512	8	0.007570
145559	8	0.007472
145606	8	0.007664
145653	8	0.007569
145700	8	0.007508
145747	8	0.007552
145794	8	0.007485
145841	8	0.007552
145888	8	0.007491
145935	8	0.007556
145982	8	0.007528
146029	8	0.007561
146076	8	0.007501
146123	8	0.007504
146170	8	0.007540
146217	8	0.007508
146264	8	0.007602
146311	8	0.007538
146358	8	0.007613
146405	8	0.007516
146452	8	0.007558
146499	8	0.007557
146546	8	0.007525
146593	8	0.007617
146640	8	0.007569
146687	8	0.007707
146734	8	0.007536
146781	8	0.007575
146828	8	0.007567
146875	8	0.007665
146922	8	0.007543
146969	8	0.007611
147016	8	0.007553
147063	8	0.007745
147110	8	0.007555
147157	8	0.007553
147204	8	0.007625
147251	8	0.007562
147298	8	0.007628
147345	8	0.007565
147392	8	0.007650
147439	8	0.007586
147486	8	0.007655
147533	8	0.007604
147580	8	0.008521
147627	8	0.007581
147674	8	0.007649
147721	8	0.007852
147768	8	0.007592
147815	8	0.007685
147862	8	0.007594
147909	8	0.007864
147956	8	0.007961
148003	8	0.007672
148050	8	0.007676
148097	8	0.007770
148144	8	0.007640
148191	8	0.007679
148238	8	0.007641
148285	8	0.007654
148332	8	0.007645
148379	8	0.007616
148426	8	0.007717
148473	8	0.007623
148520	8	0.007691
148567	8	0.007628
148614	8	0.007695
148661	8	0.007634
148708	8	0.007675
148755	8	0.007666
148802	8	0.007716
148849	8	0.007688
148896	8	0.007644
148943	8	0.007758
148990	8	0.008026
149037	8	0.007744
149084	8	0.007656
149131	8	0.007695
149178	8	0.007664
149225	8	0.007701
149272	8	0.007665
149319	8	0.007734
149366	8	0.007698
149413	8	0.007708
149460	8	0.007694
149507	8	0.007759
149554	8	0.007683
149601	8	0.007714
149648	8	0.007777
149695	8	0.007720
149742	8	0.007840
149789	8	0.007692
149836	8	0.007820
149883	8	0.007781
149930	8	0.007773
149977	8	0.007728
150024	8	0.007801
150071	8	0.007707
150118	8	0.007805
150165	8	0.007711
150212	8	0.007720
150259	8	0.007777
150306	8	0.007718
150353	8	0.007799
150400	8	0.007724
150447	8	0.007789
150494	8	0.007757
150541	8	0.007822
150588	8	0.007768
150635	8	0.007828
150682	8	0.007738
150729	8	0.007781
150776	8	0.008020
150823	8	0.007813
150870	8	0.007777
150917	8	0.007823
150964	8	0.007907
151011	8	0.008068
151058	8	0.007864
151105	8	0.008088
151152	8	0.007892
151199	8	0.007766
151246	8	0.007880
151293	8	0.008566
151340	8	0.007878
151387	8	0.007774
151434	8	0.007872
151481	8	0.008008
151528	8	0.007967
151575	8	0.007801
151622	8	0.007856
151669	8	0.008070
151716	8	0.007983
151763	8	0.007858
151810	8	0.007890
151857	8	0.008001
151904	8	0.008049
151951	8	0.007805
151998	8	0.007967
152045	8	0.007906
152092	8	0.008011
152139	8	0.007875
152186	8	0.007955
152233	8	0.007921
152280	8	0.008114
152327	8	0.007920
152374	8	0.008011
152421	8	0.007928
152468	8	0.008149
152515	8	0.007945
152562	8	0.007989
152609	8	0.007904
152656	8	0.008163
152703	8	0.008164
152750	8	0.007868
152797	8	0.007907
152844	8	0.008107
152891	8	0.008032
152938	8	0.008088
152985	8	0.008087
153032	8	0.008101
153079	8	0.008220
153126	8	0.007871
153173	8	0.007953
153220	8	0.008080
153267	8	0.008156
153314	8	0.007877
153361	8	0.007875
153408	8	0.008108
153455	8	0.008112
153502	8	0.008122
153549	8	0.008102
153596	8	0.009150
153643	8	0.007997
153690	8	0.007965
153737	8	0.007896
153784	8	0.008283
153831	8	0.007968
153878	8	0.008007
153925	8	0.008032
153972	8	0.008164
154019	8	0.008039
154066	8	0.007991
154113	8	0.008122
154160	8	0.008099
154207	8	0.008073
154254	8	0.007994
154301	8	0.008110
154348	8	0.008098
154395	8	0.008141
154442	8	0.008174
154489	8	0.008114
154536	8	0.008066
154583	8	0.008144
154630	8	0.008042
154677	8	0.007977
154724	8	0.008077
154771	8	0.007949
154818	8	0.008022
154865	8	0.008058
154912	8	0.007957
154959	8	0.008063
155006	8	0.008352
155053	8	0.008031
155100	8	0.007967
155147	8	0.008007
155194	8	0.007976
155241	8	0.008064
155288	8	0.007978
155335	8	0.008044
155382	8	0.008005
155429	8	0.008047
155476	8	0.007989
155523	8	0.008052
155570	8	0.008039
155617	8	0.008191
155664	8	0.008019
155711	8	0.008065
155758	8	0.008055
155805	8	0.008094
155852	8	0.008037
155899	8	0.008099
155946	8	0.008013
155993	8	0.008076
156040	8	0.008018
156087	8	0.008082
156134	8	0.008048
156181	8	0.008021
156228	8	0.008093
156275	8	0.008044
156322	8	0.008076
156369	8	0.008043
156416	8	0.008126
156463	8	0.008039
156510	8	0.008158
156557	8	0.008041
156604	8	0.008114
156651	8	0.008045
156698	8	0.008114
156745	8	0.008080
156792	8	0.008405
156839	8	0.008054
156886	8	0.008123
156933	8	0.008058
156980	8	0.008129
157027	8	0.008092
157074	8	0.008166
157121	8	0.008072
157168	8	0.008167
157215	8	0.008143
157262	8	0.008182
157309	8	0.008558
157356	8	0.008150
157403	8	0.008084
157450	8	0.008154
157497	8	0.008130
157544	8	0.008189
157591	8	0.008148
157638	8	0.008184
157685	8	0.008113
157732	8	0.008183
157779	8	0.008108
157826	8	0.008144
157873	8	0.008141
157920	8	0.008176
157967	8	0.008298
158014	8	0.008362
158061	8	0.008316
158108	8	0.008358
158155	8	0.008325
158202	8	0.008359
158249	8	0.008329
158296	8	0.008365
158343	8	0.008340
158390	8	0.008371
158437	8	0.008336
158484	8	0.008381
158531	8	0.008379
158578	8	0.008381
158625	8	0.008374
158672	8	0.008397
158719	8	0.008351
158766	8	0.008394
158813	8	0.008356
158860	8	0.008397
158907	8	0.008364
158954	8	0.008400
159001	8	0.008367
159048	8	0.008409
159095	8	0.008519
159142	8	0.008410
159189	8	0.008376
159236	8	0.008445
159283	8	0.008384
159330	8	0.008385
159377	8	0.008184
159424	8	0.008252
159471	8	0.008177
159518	8	0.008249
159565	8	0.008227
159612	8	0.009179
159659	8	0.008221
159706	8	0.008287
159753	8	0.008223
159800	8	0.008276
159847	8	0.008236
159894	8	0.008279
159941	8	0.008218
159988	8	0.008281
160035	8	0.008248
160082	8	0.008293
160129	8	0.008254
160176	8	0.008296
160223	8	0.008230
160270	8	0.008294
160317	8	0.008236
160364	8	0.008303
160411	8	0.008308
160458	8	0.008344
160505	8	0.008244
160552	8	0.008313
160599	8	0.008340
160646	8	0.008319
160693	8	0.008284
160740	8	0.008324
160787	8	0.008259
160834	8	0.008329
160881	8	0.008263
160928	8	0.008333
160975	8	0.008305
161022	8	0.008742
161069	8	0.008275
161116	8	0.008371
161163	8	0.008279
161210	8	0.008350
161257	8	0.008310
161304	8	0.008437
161351	8	0.008453
161398	8	0.008365
161445	8	0.008320
161492	8	0.008468
161539	8	0.008329
161586	8	0.008402
161633	8	0.008302
161680	8	0.008371
161727	8	0.008330
161774	8	0.008394
161821	8	0.008358
161868	8	0.008386
161915	8	0.008317
161962	8	0.008389
162009	8	0.008323
162056	8	0.008391
162103	8	0.008355
162150	8	0.008422
162197	8	0.008333
162244	8	0.008402
162291	8	0.008334
162338	8	0.008402
162385	8	0.008379
162432	8	0.008411
162479	8	0.008349
162526	8	0.008428
162573	8	0.008352
162620	8	0.008421
162667	8	0.008410
162714	8	0.008457
162761	8	0.008363
162808	8	0.008698
162855	8	0.008393
162902	8	0.008434
162949	8	0.008398
162996	8	0.008440
163043	8	0.008374
163090	8	0.008443
163137	8	0.008414
163184	8	0.008448
163231	8	0.008439
163278	8	0.008466
163325	8	0.008857
163372	8	0.008460
163419	8	0.008422
163466	8	0.008463
163513	8	0.008432
163560	8	0.008467
163607	8	0.008405
163654	8	0.008477
163701	8	0.008409
163748	8	0.008475
163795	8	0.008492
163842	8	0.008534
163889	8	0.008422
163936	8	0.008524
163983	8	0.008426
164030	8	0.008494
164077	8	0.008488
164124	8	0.008552
164171	8	0.008463
164218	8	0.008526
164265	8	0.008440
164312	8	0.008480
164359	8	0.008474
164406	8	0.008489
164453	8	0.008514
164500	8	0.008452
164547	8	0.008518
164594	8	0.008483
164641	8	0.008522
164688	8	0.008642
164735	8	0.008533
164782	8	0.008471
164829	8	0.008562
164876	8	0.008499
164923	8	0.008573
164970	8	0.008504
165017	8	0.008541
165064	8	0.008485
165111	8	0.008696
165158	8	0.008514
165205	8	0.008550
165252	8	0.008491
165299	8	0.008560
165346	8	0.008494
165393	8	0.008537
165440	8	0.008531
165487	8	0.008541
165534	8	0.008506
165581	8	0.008574
165628	8	0.009487
165675	8	0.008578
165722	8	0.008543
165769	8	0.008613
165816	8	0.008541
165863	8	0.008577
165910	8	0.008543
165957	8	0.008591
166004	8	0.008648
166051	8	0.008531
166098	8	0.008611
166145	8	0.008641
166192	8	0.008608
166239	8	0.008569
166286	8	0.008611
166333	8	0.008548
166380	8	0.008735
166427	8	0.008763
166474	8	0.008896
166521	8	0.008632
166568	8	0.008858
166615	8	0.008590
166662	8	0.008632
166709	8	0.008596
166756	8	0.008632
166803	8	0.008629
166850	8	0.008697
166897	8	0.008575
166944	8	0.008675
166991	8	0.008649
167038	8	0.009067
167085	8	0.008614
167132	8	0.008713
167179	8	0.008627
167226	8	0.008598
167273	8	0.008658
167320	8	0.008597
167367	8	0.008691
167414	8	0.008601
167461	8	0.008667
167508	8	0.008642
167555	8	0.008732
167602	8	0.008671
167649	8	0.008731
167696	8	0.008616
167743	8	0.008684
167790	8	0.008625
167837	8	0.008722
167884	8	0.008679
167931	8	0.008709
167978	8	0.008634
168025	8	0.008697
168072	8	0.008671
168119	8	0.008702
168166	8	0.008669
168213	8	0.008740
168260	8	0.008683
168307	8	0.008741
168354	8	0.008714
168401	8	0.008663
168448	8	0.008721
168495	8	0.008689
168542	8	0.008725
168589	8	0.008664
168636	8	0.008767
168683	8	0.008797
168730	8	0.008734
168777	8	0.008675
168824	8	0.009041
168871	8	0.008660
168918	8	0.008771
168965	8	0.008710
169012	8	0.008753
169059	8	0.008684
169106	8	0.008951
169153	8	0.008833
169200	8	0.008768
169247	8	0.009172
169294	8	0.008719
169341	8	0.009285
169388	8	0.008793
169435	8	0.009114
169482	8	0.008925
169529	8	0.008987
169576	8	0.009020
169623	8	0.008791
169670	8	0.008755
169717	8	0.008921
169764	8	0.009022
169811	8	0.008801
169858	8	0.008730
169905	8	0.009032
169952	8	0.009069
169999	8	0.008757
170046	8	0.008965
170093	8	0.008958
170140	8	0.008862
170187	8	0.008915
170234	8	0.008924
170281	8	0.009018
170328	8	0.008858
170375	8	0.008939
170422	8	0.008873
170469	8	0.008977
170516	8	0.008957
170563	8	0.008863
170610	8	0.008998
170657	8	0.008904
170704	8	0.008914
170751	8	0.008840
170798	8	0.009102
170845	8	0.008976
170892	8	0.008786
170939	8	0.008903
170986	8	0.009072
171033	8	0.008946
171080	8	0.008824
171127	8	0.009214
171174	8	0.009030
171221	8	0.008904
171268	8	0.008867
171315	8	0.009161
171362	8	0.009043
171409	8	0.008859
171456	8	0.008971
171503	8	0.009123
171550	8	0.009074
171597	8	0.009035
171644	8	0.010135
171691	8	0.009086
171738	8	0.009042
171785	8	0.009180
171832	8	0.009098
171879	8	0.008931
171926	8	0.008981
171973	8	0.009153
172020	8	0.008927
172067	8	0.008965
172114	8	0.009066
172161	8	0.009189
172208	8	0.008889
172255	8	0.009106
172302	8	0.008952
172349	8	0.009134
172396	8	0.009009
172443	8	0.008968
172490	8	0.009144
172537	8	0.008869
172584	8	0.009070
172631	8	0.008899
172678	8	0.009149
172725	8	0.009032
172772	8	0.008951
172819	8	0.009058
172866	8	0.009149
172913	8	0.009039
172960	8	0.008913
173007	8	0.009176
173054	8	0.009430
173101	8	0.009003
173148	8	0.008954
173195	8	0.009215
173242	8	0.008912
173289	8	0.009007
173336	8	0.009130
173383	8	0.009203
173430	8	0.009144
173477	8	0.009131
173524	8	0.009272
173571	8	0.008952
173618	8	0.009095
173665	8	0.009209
173712	8	0.009241
173759	8	0.009031
173806	8	0.009152
173853	8	0.009205
173900	8	0.008984
173947	8	0.009158
173994	8	0.009045
174041	8	0.009337
174088	8	0.009187
174135	8	0.009302
174182	8	0.009232
174229	8	0.009151
174276	8	0.009218
174323	8	0.009060
174370	8	0.009286
174417	8	0.009227
174464	8	0.009233
174511	8	0.009167
174558	8	0.009143
174605	8	0.009229
174652	8	0.009146
174699	8	0.009361
174746	8	0.009293
174793	8	0.009149
174840	8	0.009509
174887	8	0.009466
174934	8	0.009122
174981	8	0.009131
175028	8	0.009476
175075	8	0.009191
175122	8	0.009355
175169	8	0.009216
175216	8	0.009511
175263	8	0.009263
175310	8	0.009236
175357	8	0.009929
175404	8	0.009298
175451	8	0.009458
175498	8	0.009340
175545	8	0.009461
175592	8	0.009244
175639	8	0.009176
175686	8	0.009061
175733	8	0.009115
175780	8	0.009032
175827	8	0.009109
175874	8	0.009040
175921	8	0.009208
175968	8	0.009138
176015	8	0.009047
176062	8	0.009138
176109	8	0.009097
176156	8	0.009142
176203	8	0.009057
176250	8	0.009148
176297	8	0.009061
176344	8	0.009130
176391	8	0.009062
176438	8	0.009135
176485	8	0.009202
176532	8	0.009266
176579	8	0.009406
176626	8	0.009115
176673	8	0.009278
176720	8	0.009126
176767	8	0.009150
176814	8	0.009120
176861	8	0.009154
176908	8	0.009145
176955	8	0.009112
177002	8	0.009190
177049	8	0.009099
177096	8	0.009200
177143	8	0.009264
177190	8	0.009173
177237	8	0.009166
177284	8	0.009270
177331	8	0.009114
177378	8	0.009183
177425	8	0.009263
177472	8	0.009126
177519	8	0.009226
177566	8	0.009125
177613	8	0.009200
177660	8	0.010150
177707	8	0.009198
177754	8	0.009163
177801	8	0.009228
177848	8	0.009263
177895	8	0.009229
177942	8	0.009243
177989	8	0.009148
178036	8	0.009296
178083	8	0.009150
178130	8	0.009246
178177	8	0.009207
178224	8	0.009228
178271	8	0.009252
178318	8	0.009166
178365	8	0.009267
178412	8	0.009169
178459	8	0.009235
178506	8	0.009206
178553	8	0.009335
178600	8	0.009179
178647	8	0.009274
178694	8	0.009247
178741	8	0.009187
178788	8	0.009314
178835	8	0.009188
178882	8	0.009260
178929	8	0.009227
178976	8	0.009296
179023	8	0.009268
179070	8	0.009947
179117	8	0.009539
179164	8	0.009245
179211	8	0.009555
179258	8	0.009226
179305	8	0.009311
179352	8	0.009597
179399	8	0.009383
179446	8	0.009291
179493	8	0.009253
179540	8	0.009725
179587	8	0.009264
179634	8	0.009345
179681	8	0.009570
179728	8	0.009408
179775	8	0.009335
179822	8	0.009547
179869	8	0.009582
179916	8	0.009284
179963	8	0.009500
180010	8	0.009425
180057	8	0.009443
180104	8	0.009394
180151	8	0.009413
180198	8	0.009621
180245	8	0.009409
180292	8	0.009367
180339	8	0.009296
180386	8	0.009365
180433	8	0.009283
180480	8	0.009369
180527	8	0.009352
180574	8	0.009281
180621	8	0.009347
180668	8	0.009319
180715	8	0.009351
180762	8	0.009289
180809	8	0.009389
180856	8	0.009624
180903	8	0.009358
180950	8	0.009365
180997	8	0.009301
181044	8	0.009399
181091	8	0.009306
181138	8	0.009402
181185	8	0.009314
181232	8	0.009380
181279	8	0.009435
181326	8	0.009335
181373	8	0.009904
181420	8	0.009327
181467	8	0.009408
181514	8	0.009358
181561	8	0.009457
181608	8	0.009388
181655	8	0.009457
181702	8	0.009408
181749	8	0.009337
181796	8	0.009434
181843	8	0.009347
181890	8	0.009415
181937	8	0.009350
181984	8	0.009419
182031	8	0.009447
182078	8	0.009360
182125	8	0.009450
182172	8	0.009364
182219	8	0.009453
182266	8	0.009434
182313	8	0.009533
182360	8	0.009439
182407	8	0.009564
182454	8	0.009533
182501	8	0.009378
182548	8	0.009731
182595	8	0.009618
182642	8	0.009580
182689	8	0.009481
182736	8	0.009404
182783	8	0.009639
182830	8	0.009432
182877	8	0.009465
182924	8	0.009586
182971	8	0.009480
183018	8	0.009505
183065	8	0.009488
183112	8	0.009520
183159	8	0.009579
183206	8	0.009484
183253	8	0.009418
183300	8	0.009516
183347	8	0.009492
183394	8	0.009429
183441	8	0.009932
183488	8	0.009814
183535	8	0.009735
183582	8	0.009653
183629	8	0.009600
183676	8	0.010560
183723	8	0.009568
183770	8	0.009539
183817	8	0.009490
183864	8	0.009548
183911	8	0.009575
183958	8	0.009459
184005	8	0.009580
184052	8	0.009462
184099	8	0.009528
184146	8	0.009500
184193	8	0.009534
184240	8	0.009586
184287	8	0.009493
184334	8	0.009564
184381	8	0.009479
184428	8	0.009546
184475	8	0.009509
184522	8	0.009614
184569	8	0.009551
184616	8	0.009525
184663	8	0.009554
184710	8	0.009496
184757	8	0.009699
184804	8	0.009530
184851	8	0.009592
184898	8	0.009572
184945	8	0.009506
184992	8	0.009600
185039	8	0.009526
185086	8	0.010042
185133	8	0.009517
185180	8	0.009585
185227	8	0.009584
185274	8	0.009529
185321	8	0.009591
185368	8	0.009529
185415	8	0.009625
185462	8	0.009530
185509	8	0.009636
185556	8	0.009606
185603	8	0.009539
185650	8	0.009612
185697	8	0.009543
185744	8	0.009645
185791	8	0.009551
185838	8	0.009618
185885	8	0.009648
185932	8	0.009561
185979	8	0.009648
186026	8	0.009564
186073	8	0.009656
186120	8	0.009633
186167	8	0.009571
186214	8	0.009665
186261	8	0.009572
186308	8	0.009668
186355	8	0.009784
186402	8	0.009736
186449	8	0.009725
186496	8	0.009586
186543	8	0.009663
186590	8	0.009697
186637	8	0.009718
186684	8	0.009684
186731	8	0.009719
186778	8	0.009641
186825	8	0.009606
186872	8	0.010012
186919	8	0.009605
186966	8	0.009702
187013	8	0.009707
187060	8	0.009615
187107	8	0.009683
187154	8	0.009624
187201	8	0.009828
187248	8	0.009626
187295	8	0.009721
187342	8	0.009761
187389	8	0.010168
187436	8	0.009738
187483	8	0.009636
187530	8	0.009706
187577	8	0.009710
187624	8	0.009645
187671	8	0.009738
187718	8	0.009652
187765	8	0.009712
187812	8	0.009775
187859	8	0.009721
187906	8	0.009727
187953	8	0.009690
188000	8	0.009730
188047	8	0.009664
188094	8	0.009740
188141	8	0.009707
188188	8	0.009676
188235	8	0.009746
188282	8	0.009676
188329	8	0.009771
188376	8	0.009771
188423	8	0.009767
188470	8	0.009731
188517	8	0.009718
188564	8	0.009759
188611	8	0.009699
188658	8	0.009790
188705	8	0.009763
188752	8	0.009718
188799	8	0.009800
188846	8	0.009740
188893	8	0.009802
188940	8	0.009734
188987	8	0.009800
189034	8	0.010060
189081	8	0.010077
189128	8	0.009941
189175	8	0.010232
189222	8	0.009731
189269	8	0.009795
189316	8	0.009787
189363	8	0.009864
189410	8	0.009740
189457	8	0.009869
189504	8	0.009812
189551	8	0.009745
189598	8	0.009956
189645	8	0.009753
189692	8	0.010998
189739	8	0.009853
189786	8	0.009758
189833	8	0.009879
189880	8	0.009765
189927	8	0.009829
189974	8	0.009832
190021	8	0.009775
190068	8	0.009865
190115	8	0.009778
190162	8	0.009846
190209	8	0.009841
190256	8	0.009813
190303	8	0.009908
190350	8	0.009819
190397	8	0.009878
190444	8	0.009878
190491	8	0.009814
190538	8	0.009893
190585	8	0.009796
190632	8	0.009868
190679	8	0.009830
190726	8	0.009873
190773	8	0.009878
190820	8	0.009811
190867	8	0.009852
190914	8	0.009845
190961	8	0.009882
191008	8	0.010015
191055	8	0.009983
191102	8	0.010723
191149	8	0.010049
191196	8	0.010079
191243	8	0.010091
191290	8	0.009985
191337	8	0.010064
191384	8	0.010074
191431	8	0.009991
191478	8	0.010060
191525	8	0.009942
191572	8	0.010042
191619	8	0.010117
191666	8	0.010161
191713	8	0.010105
191760	8	0.010038
191807	8	0.010153
191854	8	0.010110
191901	8	0.009921
191948	8	0.010427
191995	8	0.009896
192042	8	0.009973
192089	8	0.009971
192136	8	0.009934
192183	8	0.010196
192230	8	0.010135
192277	8	0.010076
192324	8	0.010112
192371	8	0.010048
192418	8	0.010106
192465	8	0.010025
192512	8	0.010058
192559	8	0.010125
192606	8	0.010025
192653	8	0.010121
192700	8	0.010075
192747	8	0.010099
192794	8	0.009978
192841	8	0.009919
192888	8	0.010360
192935	8	0.009916
192982	8	0.009975
193029	8	0.010084
193076	8	0.010068
193123	8	0.010193
193170	8	0.010027
193217	8	0.010032
193264	8	0.010000
193311	8	0.010113
193358	8	0.010399
193405	8	0.011124
193452	8	0.010386
193499	8	0.010606
193546	8	0.010282
193593	8	0.010294
193640	8	0.010415
193687	8	0.010271
193734	8	0.010411
193781	8	0.010657
193828	8	0.010345
193875	8	0.010521
193922	8	0.010366
193969	8	0.010219
194016	8	0.010642
194063	8	0.010388
194110	8	0.010263
194157	8	0.010671
194204	8	0.010361
194251	8	0.010516
194298	8	0.010625
194345	8	0.010417
194392	8	0.010626
194439	8	0.010482
194486	8	0.010392
194533	8	0.010371
194580	8	0.010390
194627	8	0.010180
194674	8	0.010482
194721	8	0.010415
194768	8	0.010329
194815	8	0.010294
194862	8	0.010352
194909	8	0.010456
194956	8	0.010235
195003	8	0.010100
195050	8	0.010124
195097	8	0.010095
195144	8	0.010103
195191	8	0.010240
195238	8	0.010103
195285	8	0.010040
195332	8	0.010108
195379	8	0.010248
195426	8	0.010171
195473	8	0.010217
195520	8	0.010213
195567	8	0.010242
195614	8	0.010219
195661	8	0.010225
195708	8	0.011443
195755	8	0.010517
195802	8	0.010285
195849	8	0.010381
195896	8	0.010173
195943	8	0.010292
195990	8	0.010300
196037	8	0.010190
196084	8	0.010272
196131	8	0.010254
196178	8	0.010244
196225	8	0.010221
196272	8	0.010192
196319	8	0.010323
196366	8	0.010285
196413	8	0.010197
196460	8	0.010304
196507	8	0.010284
196554	8	0.010408
196601	8	0.010294
196648	8	0.010281
196695	8	0.010354
196742	8	0.010217
196789	8	0.010220
196836	8	0.010188
196883	8	0.010120
196930	8	0.010481
196977	8	0.010619
197024	8	0.010527
197071	8	0.010516
197118	8	0.014106
197165	8	0.015701
197212	8	0.014515
197259	8	0.010574
197306	8	0.010640
197353	8	0.010460
197400	8	0.010645
197447	8	0.010580
197494	8	0.010488
197541	8	0.010625
197588	8	0.010537
197635	8	0.010494
197682	8	0.010583
197729	8	0.010583
197776	8	0.010591
197823	8	0.010629
197870	8	0.010602
197917	8	0.010650
197964	8	0.010506
198011	8	0.010656
198058	8	0.010686
198105	8	0.010477
198152	8	0.010659
198199	8	0.010568
198246	8	0.010537
198293	8	0.010659
198340	8	0.010494
198387	8	0.010657
198434	8	0.010643
198481	8	0.010510
198528	8	0.010521
198575	8	0.010652
198622	8	0.010528
198669	8	0.010596
198716	8	0.010579
198763	8	0.010570
198810	8	0.010567
198857	8	0.010523
198904	8	0.010946
198951	8	0.010514
198998	8	0.010296
199045	8	0.010328
199092	8	0.010305
199139	8	0.010300
199186	8	0.010270
199233	8	0.010310
199280	8	0.010248
199327	8	0.010337
199374	8	0.010358
199421	8	0.010853
199468	8	0.010321
199515	8	0.010322
199562	8	0.010549
199609	8	0.010578
199656	8	0.010525
199703	8	0.010530
199750	8	0.010561
199797	8	0.010524
199844	8	0.010497
199891	8	0.010344
199938	8	0.010339
199985	8	0.010347
